/12/00000-depth.png 0.774645 0.808612 -0.447959 0.932646 0.289815 -0.20126 -0.0753158
/12/00001-depth.png 0.760912 0.820257 -0.449624 0.930223 0.302176 -0.19502 -0.0730931
/12/00002-depth.png 0.802218 0.853284 -0.505833 0.93079 0.305163 -0.184726 -0.0798909
/12/00003-depth.png 0.779162 0.7712 -0.463453 0.9291 0.299943 -0.199485 -0.0837492
/12/00004-depth.png 0.790781 0.667937 -0.543984 0.917153 0.33203 -0.200603 -0.0913526
/12/00005-depth.png 0.794248 0.669146 -0.53418 0.91178 0.344785 -0.200942 -0.0969688
/12/00006-depth.png 0.798677 0.662606 -0.517129 0.906154 0.356244 -0.203323 -0.103124
/12/00007-depth.png 0.798677 0.662606 -0.517129 0.906154 0.356244 -0.203323 -0.103124
/12/00008-depth.png 0.804121 0.616532 -0.54196 0.910982 0.340114 -0.206998 -0.107638
/12/00009-depth.png 0.805793 0.606663 -0.542985 0.910283 0.340455 -0.208483 -0.109594
/12/00010-depth.png 0.810492 0.595716 -0.541453 0.909164 0.341214 -0.210581 -0.112467
/12/00011-depth.png 0.813283 0.588202 -0.543429 0.909142 0.339733 -0.211985 -0.114475
/12/00012-depth.png 0.81623 0.581603 -0.542326 0.908502 0.339468 -0.214186 -0.116229
/12/00013-depth.png 0.818924 0.576612 -0.543974 0.908701 0.337475 -0.215923 -0.117265
/12/00014-depth.png 0.824049 0.566468 -0.542935 0.908516 0.334346 -0.221249 -0.117731
/12/00015-depth.png 0.826764 0.562931 -0.541143 0.907956 0.333041 -0.225671 -0.117355
/12/00016-depth.png 0.828523 0.558652 -0.537831 0.907929 0.330334 -0.229508 -0.11777
/12/00017-depth.png 0.82821 0.555598 -0.539897 0.908636 0.328145 -0.230133 -0.117221
/12/00018-depth.png 0.829054 0.550401 -0.539548 0.908458 0.327507 -0.231702 -0.117291
/12/00019-depth.png 0.828955 0.543793 -0.542339 0.908364 0.327086 -0.232734 -0.11715
/12/00020-depth.png 0.830307 0.537051 -0.542931 0.907891 0.3277 -0.233436 -0.117704
/12/00021-depth.png 0.829375 0.548705 -0.5392 0.903189 0.341802 -0.230271 -0.119988
/12/00022-depth.png 0.829567 0.529312 -0.54607 0.90622 0.333006 -0.232144 -0.118244
/12/00023-depth.png 0.826798 0.521098 -0.54838 0.905122 0.337559 -0.229619 -0.118673
/12/00024-depth.png 0.825935 0.507616 -0.54847 0.904411 0.338113 -0.230887 -0.120051
/12/00025-depth.png 0.827713 0.503151 -0.547216 0.903521 0.33895 -0.233221 -0.119874
/12/00026-depth.png 0.82174 0.494735 -0.550641 0.903627 0.340049 -0.231996 -0.118334
/12/00027-depth.png 0.817907 0.508371 -0.543696 0.897854 0.355596 -0.227751 -0.124657
/12/00028-depth.png 0.815413 0.466555 -0.55881 0.900328 0.342478 -0.236678 -0.126894
/12/00029-depth.png 0.809109 0.458 -0.561212 0.901389 0.338089 -0.23909 -0.126605
/12/00030-depth.png 0.808509 0.454134 -0.560132 0.901509 0.337081 -0.239745 -0.127201
/12/00031-depth.png 0.802024 0.43437 -0.562784 0.902329 0.337814 -0.234743 -0.128763
/12/00032-depth.png 0.803905 0.43001 -0.557815 0.901559 0.33871 -0.235626 -0.130184
/12/00033-depth.png 0.801326 0.417123 -0.556685 0.904105 0.334448 -0.231846 -0.130331
/12/00034-depth.png 0.797339 0.401516 -0.555299 0.906762 0.331529 -0.226931 -0.127957
/12/00035-depth.png 0.789739 0.395819 -0.561657 0.909182 0.330125 -0.221591 -0.123702
/12/00036-depth.png 0.797216 0.380993 -0.556561 0.909404 0.329293 -0.224036 -0.119828
/12/00037-depth.png 0.793134 0.379779 -0.561315 0.910685 0.328344 -0.220808 -0.118687
/12/00038-depth.png 0.792424 0.371321 -0.562785 0.911403 0.326449 -0.22121 -0.117654
/12/00039-depth.png 0.791131 0.367876 -0.563478 0.911563 0.326793 -0.220126 -0.117491
/12/00040-depth.png 0.790562 0.360858 -0.564723 0.911946 0.326252 -0.218612 -0.118838
/12/00041-depth.png 0.79074 0.355285 -0.559259 0.911384 0.326482 -0.219238 -0.121338
/12/00042-depth.png 0.786601 0.344608 -0.563417 0.912904 0.321869 -0.218622 -0.123337
/12/00043-depth.png 0.783831 0.340124 -0.565687 0.913416 0.320268 -0.218519 -0.123892
/12/00044-depth.png 0.783526 0.332207 -0.564372 0.913261 0.318811 -0.220491 -0.12529
/12/00045-depth.png 0.784236 0.32298 -0.560706 0.911171 0.320285 -0.225613 -0.127604
/12/00046-depth.png 0.782017 0.311202 -0.56237 0.911076 0.318732 -0.227177 -0.129386
/12/00047-depth.png 0.786054 0.287478 -0.568422 0.910997 0.315952 -0.228885 -0.13368
/12/00048-depth.png 0.79098 0.279123 -0.564393 0.910197 0.316162 -0.231017 -0.134959
/12/00049-depth.png 0.790577 0.272246 -0.570755 0.911475 0.314374 -0.228669 -0.134505
/12/00050-depth.png 0.793963 0.262439 -0.570683 0.911003 0.315394 -0.228398 -0.135774
/12/00051-depth.png 0.795471 0.255895 -0.565354 0.910475 0.315936 -0.229359 -0.136435
/12/00052-depth.png 0.801001 0.242844 -0.568396 0.911658 0.312206 -0.228671 -0.138261
/12/00053-depth.png 0.803545 0.237582 -0.567312 0.911483 0.311761 -0.228866 -0.140086
/12/00054-depth.png 0.805678 0.2275 -0.564659 0.912166 0.308834 -0.228517 -0.142672
/12/00055-depth.png 0.805641 0.221843 -0.565638 0.912996 0.306171 -0.22812 -0.143732
/12/00056-depth.png 0.808435 0.211246 -0.564765 0.91361 0.301703 -0.229553 -0.146961
/12/00057-depth.png 0.811011 0.202527 -0.565494 0.914173 0.298436 -0.230136 -0.149202
/12/00058-depth.png 0.812143 0.197364 -0.564794 0.914288 0.296504 -0.231225 -0.150656
/12/00059-depth.png 0.812143 0.197364 -0.564794 0.914288 0.296504 -0.231225 -0.150656
/12/00060-depth.png 0.812143 0.197364 -0.564794 0.914288 0.296504 -0.231225 -0.150656
/12/00061-depth.png 0.804774 0.194213 -0.563909 0.91475 0.295084 -0.229717 -0.152932
/12/00062-depth.png 0.806299 0.186399 -0.563505 0.91458 0.292973 -0.231812 -0.154833
/12/00063-depth.png 0.807856 0.173926 -0.564623 0.913907 0.288955 -0.236227 -0.159611
/12/00064-depth.png 0.830516 0.153726 -0.555538 0.907294 0.287474 -0.256517 -0.168452
/12/00065-depth.png 0.809654 0.158099 -0.567249 0.909978 0.286389 -0.249447 -0.166427
/12/00066-depth.png 0.813353 0.148752 -0.566924 0.909581 0.283004 -0.252551 -0.169676
/12/00067-depth.png 0.816217 0.140171 -0.567702 0.908851 0.282229 -0.254525 -0.171914
/12/00068-depth.png 0.819618 0.133065 -0.567611 0.908773 0.280364 -0.255675 -0.173663
/12/00069-depth.png 0.822237 0.12749 -0.56647 0.9087 0.279037 -0.255872 -0.175876
/12/00070-depth.png 0.82429 0.120812 -0.567187 0.909194 0.276444 -0.255796 -0.177518
/12/00071-depth.png 0.82451 0.118136 -0.566506 0.909208 0.27487 -0.256534 -0.178825
/12/00072-depth.png 0.826598 0.112833 -0.566116 0.9098 0.27145 -0.257835 -0.179165
/12/00073-depth.png 0.827784 0.105736 -0.564759 0.909546 0.269901 -0.25967 -0.180141
/12/00074-depth.png 0.827784 0.105736 -0.564759 0.909546 0.269901 -0.25967 -0.180141
/12/00075-depth.png 0.827784 0.105736 -0.564759 0.909546 0.269901 -0.25967 -0.180141
/12/00076-depth.png 0.829577 0.0997012 -0.562445 0.909078 0.269436 -0.2604 -0.182134
/12/00077-depth.png 0.836951 0.0914281 -0.556329 0.90869 0.265714 -0.263361 -0.185254
/12/00078-depth.png 0.827436 0.102383 -0.558042 0.910899 0.268288 -0.255943 -0.181046
/12/00079-depth.png 0.833977 0.0840043 -0.557887 0.912235 0.261213 -0.257954 -0.181811
/12/00080-depth.png 0.833981 0.0794814 -0.556598 0.912781 0.26148 -0.257464 -0.179365
/12/00081-depth.png 0.842771 0.0678335 -0.552293 0.912249 0.261637 -0.259515 -0.178883
/12/00082-depth.png 0.842771 0.0678335 -0.552293 0.912249 0.261637 -0.259515 -0.178883
/12/00083-depth.png 0.836461 0.063615 -0.558101 0.915092 0.26299 -0.251754 -0.173388
/12/00084-depth.png 0.840342 0.0570557 -0.556319 0.91484 0.262394 -0.253753 -0.172701
/12/00085-depth.png 0.834173 0.0420232 -0.560318 0.916827 0.263067 -0.250446 -0.165836
/12/00086-depth.png 0.832459 0.0337063 -0.558584 0.917064 0.26364 -0.251381 -0.162158
/12/00087-depth.png 0.832721 0.0268286 -0.556509 0.917504 0.262825 -0.251748 -0.160415
/12/00088-depth.png 0.8304 0.019111 -0.55645 0.918408 0.265363 -0.248423 -0.15619
/12/00089-depth.png 0.836611 -0.00700104 -0.552523 0.918754 0.264295 -0.250226 -0.153059
/12/00090-depth.png 0.834735 -0.0171634 -0.554902 0.918955 0.268656 -0.24753 -0.148579
/12/00091-depth.png 0.834735 -0.0171634 -0.554902 0.918955 0.268656 -0.24753 -0.148579
/12/00092-depth.png 0.822757 -0.033352 -0.570073 0.921707 0.273512 -0.235887 -0.141437
/12/00093-depth.png 0.826919 -0.0436558 -0.569423 0.921046 0.273494 -0.238631 -0.141173
/12/00094-depth.png 0.819736 -0.0426042 -0.575663 0.922023 0.275387 -0.233871 -0.139071
/12/00095-depth.png 0.815826 -0.0472389 -0.580106 0.923227 0.27476 -0.231628 -0.136039
/12/00096-depth.png 0.815918 -0.052737 -0.580768 0.924092 0.272344 -0.231875 -0.134598
/12/00097-depth.png 0.815918 -0.052737 -0.580768 0.924092 0.272344 -0.231875 -0.134598
/12/00098-depth.png 0.81381 -0.0635687 -0.581726 0.926075 0.269272 -0.230722 -0.129019
/12/00099-depth.png 0.814294 -0.071082 -0.583417 0.927289 0.267969 -0.228395 -0.127138
/12/00100-depth.png 0.825289 -0.0881645 -0.575458 0.926825 0.26328 -0.235213 -0.127883
/12/00101-depth.png 0.811881 -0.0804757 -0.586568 0.929649 0.26653 -0.222741 -0.122885
/12/00102-depth.png 0.814155 -0.0926646 -0.57941 0.930609 0.26343 -0.222948 -0.121927
/12/00103-depth.png 0.813694 -0.0955198 -0.580095 0.931213 0.262168 -0.222341 -0.121137
/12/00104-depth.png 0.824483 -0.102544 -0.565465 0.928834 0.265726 -0.227285 -0.122471
/12/00105-depth.png 0.824069 -0.103324 -0.565467 0.929593 0.26606 -0.224177 -0.121707
/12/00106-depth.png 0.826023 -0.108953 -0.564377 0.93035 0.264181 -0.223051 -0.122092
/12/00107-depth.png 0.816328 -0.116241 -0.579297 0.934901 0.25641 -0.213759 -0.120503
/12/00108-depth.png 0.815318 -0.12823 -0.581009 0.935741 0.251421 -0.214935 -0.122385
/12/00109-depth.png 0.814341 -0.135209 -0.581801 0.93552 0.250111 -0.216223 -0.124477
/12/00110-depth.png 0.814379 -0.137216 -0.579107 0.934542 0.251804 -0.216895 -0.127209
/12/00111-depth.png 0.813493 -0.146107 -0.581291 0.934307 0.250662 -0.217162 -0.13069
/12/00112-depth.png 0.813591 -0.139722 -0.57462 0.931625 0.260069 -0.215241 -0.134575
/12/00113-depth.png 0.813877 -0.174935 -0.594156 0.937199 0.238499 -0.21808 -0.131213
/12/00114-depth.png 0.813216 -0.180607 -0.585501 0.931741 0.251842 -0.219483 -0.14234
/12/00115-depth.png 0.813235 -0.18553 -0.58841 0.932025 0.249546 -0.219831 -0.143984
/12/00116-depth.png 0.812299 -0.194783 -0.590313 0.931702 0.244695 -0.222657 -0.149933
/12/00117-depth.png 0.811088 -0.197667 -0.589719 0.931342 0.243001 -0.224105 -0.152744
/12/00118-depth.png 0.80891 -0.206318 -0.585974 0.931629 0.23562 -0.227112 -0.158021
/12/00119-depth.png 0.807156 -0.211797 -0.588081 0.932531 0.230317 -0.228241 -0.158891
/12/00120-depth.png 0.807953 -0.214258 -0.584212 0.931694 0.231339 -0.229567 -0.160397
/12/00121-depth.png 0.807784 -0.213464 -0.584479 0.931366 0.233049 -0.229118 -0.160472
/12/00122-depth.png 0.808699 -0.222026 -0.585718 0.932014 0.229774 -0.230042 -0.160107
/12/00123-depth.png 0.81018 -0.226414 -0.585621 0.932576 0.227586 -0.230226 -0.159695
/12/00124-depth.png 0.812132 -0.231539 -0.583777 0.932973 0.227004 -0.228954 -0.160033
/12/00125-depth.png 0.810492 -0.235321 -0.586725 0.934292 0.223623 -0.227452 -0.15924
/12/00126-depth.png 0.810491 -0.239223 -0.583429 0.934556 0.222997 -0.226538 -0.15987
/12/00127-depth.png 0.810009 -0.241001 -0.581752 0.934782 0.223379 -0.224694 -0.160612
/12/00128-depth.png 0.807908 -0.248527 -0.583846 0.936222 0.218619 -0.222853 -0.161339
/12/00129-depth.png 0.806845 -0.249987 -0.583428 0.936227 0.218145 -0.222605 -0.162291
/12/00130-depth.png 0.809035 -0.261017 -0.576236 0.934261 0.213037 -0.232702 -0.166196
/12/00131-depth.png 0.800456 -0.261383 -0.586655 0.935893 0.209805 -0.229053 -0.166196
/12/00132-depth.png 0.799643 -0.263203 -0.585988 0.935423 0.209265 -0.230507 -0.167505
/12/00133-depth.png 0.797008 -0.265324 -0.586428 0.934507 0.209537 -0.232362 -0.169703
/12/00134-depth.png 0.795248 -0.266389 -0.587301 0.93451 0.208196 -0.233064 -0.170374
/12/00135-depth.png 0.791708 -0.259134 -0.582577 0.933122 0.212395 -0.232922 -0.17297
/12/00136-depth.png 0.791708 -0.259134 -0.582577 0.933122 0.212395 -0.232922 -0.17297
/12/00137-depth.png 0.786286 -0.265445 -0.580067 0.933605 0.203468 -0.241482 -0.169317
/12/00138-depth.png 0.776526 -0.268145 -0.585479 0.935183 0.197941 -0.241924 -0.16651
/12/00139-depth.png 0.772088 -0.270943 -0.588531 0.935691 0.195851 -0.242058 -0.165932
/12/00140-depth.png 0.76753 -0.271206 -0.589548 0.935316 0.197044 -0.242305 -0.166272
/12/00141-depth.png 0.758523 -0.266488 -0.58845 0.934636 0.200638 -0.241555 -0.166889
/12/00142-depth.png 0.744418 -0.262497 -0.58841 0.935218 0.202323 -0.238818 -0.165524
/12/00143-depth.png 0.73422 -0.255939 -0.586594 0.935595 0.203562 -0.236518 -0.165178
/12/00144-depth.png 0.729677 -0.255528 -0.586727 0.936394 0.202314 -0.235488 -0.163646
/12/00145-depth.png 0.719399 -0.251451 -0.587094 0.937301 0.203633 -0.232412 -0.161197
/12/00146-depth.png 0.714166 -0.237488 -0.581586 0.93565 0.212666 -0.230146 -0.162373
/12/00147-depth.png 0.705133 -0.236074 -0.584137 0.937817 0.207176 -0.229405 -0.15796
/12/00148-depth.png 0.694124 -0.23466 -0.58964 0.939196 0.2043 -0.22816 -0.155289
/12/00149-depth.png 0.685683 -0.226313 -0.59006 0.938973 0.206058 -0.229096 -0.15292
/12/00150-depth.png 0.679206 -0.221798 -0.591587 0.939442 0.205945 -0.228602 -0.150921
/12/00151-depth.png 0.669532 -0.21418 -0.595661 0.940155 0.208058 -0.224402 -0.149879
/12/00152-depth.png 0.665122 -0.200719 -0.59032 0.937355 0.217363 -0.225952 -0.151871
/12/00153-depth.png 0.655198 -0.18108 -0.586469 0.935073 0.225823 -0.225327 -0.154499
/12/00154-depth.png 0.649524 -0.191504 -0.596756 0.93862 0.209939 -0.227625 -0.152002
/12/00155-depth.png 0.645695 -0.182953 -0.595386 0.938875 0.210656 -0.225504 -0.152596
/12/00156-depth.png 0.644583 -0.181824 -0.595575 0.939343 0.209588 -0.225202 -0.15163
/12/00157-depth.png 0.641742 -0.176083 -0.595203 0.939929 0.210329 -0.222256 -0.151321
/12/00158-depth.png 0.640483 -0.174797 -0.59579 0.940418 0.209399 -0.221246 -0.151049
/12/00159-depth.png 0.635401 -0.156592 -0.594641 0.9401 0.214885 -0.218382 -0.149487
/12/00160-depth.png 0.635401 -0.156592 -0.594641 0.9401 0.214885 -0.218382 -0.149487
/12/00161-depth.png 0.633624 -0.150067 -0.595008 0.940554 0.214776 -0.217379 -0.148241
/12/00162-depth.png 0.632065 -0.146679 -0.5975 0.941329 0.213431 -0.21637 -0.146734
/12/00163-depth.png 0.630223 -0.123102 -0.587327 0.93915 0.226623 -0.211907 -0.147426
/12/00164-depth.png 0.632037 -0.107494 -0.576464 0.93722 0.235344 -0.209916 -0.148885
/12/00165-depth.png 0.633028 -0.137833 -0.601731 0.945137 0.203466 -0.211549 -0.143406
/12/00166-depth.png 0.627273 -0.120896 -0.594899 0.943975 0.215078 -0.207547 -0.139918
/12/00167-depth.png 0.626914 -0.119887 -0.596104 0.944572 0.214044 -0.207226 -0.137934
/12/00168-depth.png 0.626427 -0.115298 -0.597523 0.944663 0.215295 -0.207514 -0.134902
/12/00169-depth.png 0.625031 -0.108022 -0.605782 0.945483 0.212895 -0.207626 -0.132777
/12/00170-depth.png 0.631827 -0.1113 -0.604458 0.944693 0.211233 -0.212545 -0.13327
/12/00171-depth.png 0.633263 -0.102759 -0.604551 0.944189 0.213093 -0.213521 -0.132316
/12/00172-depth.png 0.624675 -0.0881358 -0.60607 0.944504 0.217599 -0.208018 -0.131494
/12/00173-depth.png 0.629291 -0.0832966 -0.606542 0.944417 0.217034 -0.209692 -0.130394
/12/00174-depth.png 0.628701 -0.0791777 -0.60621 0.944521 0.218186 -0.209232 -0.128441
/12/00175-depth.png 0.628701 -0.0791777 -0.60621 0.944521 0.218186 -0.209232 -0.128441
/12/00176-depth.png 0.630863 -0.0707092 -0.604966 0.945569 0.216099 -0.20963 -0.123517
/12/00177-depth.png 0.638232 -0.0653454 -0.603262 0.945933 0.216553 -0.210222 -0.118833
/12/00178-depth.png 0.637726 -0.052423 -0.603404 0.946209 0.221047 -0.205268 -0.117012
/12/00179-depth.png 0.645343 -0.0528673 -0.604138 0.946865 0.219363 -0.204966 -0.11539
/12/00180-depth.png 0.649459 -0.0524771 -0.604963 0.946968 0.218112 -0.205516 -0.115943
/12/00181-depth.png 0.653217 -0.0460204 -0.607012 0.94676 0.219374 -0.205329 -0.11559
/12/00182-depth.png 0.652054 -0.0379508 -0.608109 0.946542 0.222049 -0.203841 -0.114894
/12/00183-depth.png 0.653197 -0.0308574 -0.607602 0.945871 0.22504 -0.204256 -0.113865
/12/00184-depth.png 0.66622 -0.0100207 -0.607387 0.944852 0.23075 -0.201675 -0.115484
/12/00185-depth.png 0.665016 -0.000841409 -0.607291 0.945075 0.233113 -0.19818 -0.114966
/12/00186-depth.png 0.672309 -0.00248757 -0.606759 0.945604 0.230143 -0.199236 -0.114773
/12/00187-depth.png 0.69799 -0.0096648 -0.601352 0.945229 0.224074 -0.207357 -0.11548
/12/00188-depth.png 0.680003 0.0175347 -0.604589 0.948148 0.227123 -0.193879 -0.108821
/12/00189-depth.png 0.676834 0.0299355 -0.603393 0.9484 0.229097 -0.191432 -0.106795
/12/00190-depth.png 0.687613 0.0328586 -0.602074 0.94921 0.226118 -0.19266 -0.1037
/12/00191-depth.png 0.689639 0.0368288 -0.603051 0.949378 0.227036 -0.191216 -0.102819
/12/00192-depth.png 0.695211 0.0483872 -0.606442 0.948947 0.231523 -0.188971 -0.100934
/12/00193-depth.png 0.700262 0.0486319 -0.607574 0.94892 0.231508 -0.189672 -0.0999005
/12/00194-depth.png 0.705468 0.0676093 -0.610732 0.948668 0.236598 -0.185121 -0.0988964
/12/00195-depth.png 0.708238 0.0711354 -0.611913 0.948827 0.236631 -0.184084 -0.0992284
/12/00196-depth.png 0.720047 0.0874391 -0.616769 0.948628 0.239593 -0.181459 -0.0988615
/12/00197-depth.png 0.721627 0.0923643 -0.616991 0.948574 0.240379 -0.180886 -0.0985149
/12/00198-depth.png 0.726013 0.106638 -0.617797 0.948545 0.242927 -0.177658 -0.0984198
/12/00199-depth.png 0.732247 0.109254 -0.618416 0.948813 0.242078 -0.177525 -0.0981674
/12/00200-depth.png 0.732247 0.109254 -0.618416 0.948813 0.242078 -0.177525 -0.0981674
/12/00201-depth.png 0.733551 0.120783 -0.620744 0.948719 0.243757 -0.175966 -0.0977267
/12/00202-depth.png 0.735136 0.125088 -0.618552 0.948905 0.242721 -0.175909 -0.0986019
/12/00203-depth.png 0.73833 0.127163 -0.618994 0.948935 0.242754 -0.175563 -0.0988448
/12/00204-depth.png 0.745894 0.121817 -0.621411 0.949487 0.239126 -0.175572 -0.102313
/12/00205-depth.png 0.745345 0.124267 -0.621835 0.94969 0.240015 -0.173398 -0.102053
/12/00206-depth.png 0.74555 0.130338 -0.623035 0.949379 0.242736 -0.171134 -0.102328
/12/00207-depth.png 0.74535 0.136058 -0.623704 0.949466 0.243602 -0.169537 -0.102129
/12/00208-depth.png 0.743883 0.142296 -0.62466 0.949213 0.24531 -0.168312 -0.102412
/12/00209-depth.png 0.740985 0.146559 -0.625794 0.949385 0.245067 -0.168129 -0.101702
/12/00210-depth.png 0.739289 0.148922 -0.626452 0.949501 0.245155 -0.167731 -0.101059
/12/00211-depth.png 0.738521 0.151015 -0.626511 0.949452 0.245363 -0.168277 -0.100105
/12/00212-depth.png 0.736856 0.156272 -0.62684 0.94923 0.247299 -0.16897 -0.0961992
/12/00213-depth.png 0.736532 0.162868 -0.627901 0.948953 0.250038 -0.168671 -0.0923038
/12/00214-depth.png 0.733118 0.16981 -0.630315 0.949129 0.250455 -0.167706 -0.0911146
/12/00215-depth.png 0.731874 0.173828 -0.630048 0.9492 0.250033 -0.168865 -0.0893753
/12/00216-depth.png 0.731701 0.178186 -0.626143 0.949147 0.249299 -0.171874 -0.0861878
/12/00217-depth.png 0.732896 0.184514 -0.623349 0.949347 0.249497 -0.171412 -0.0843138
/12/00218-depth.png 0.736493 0.187767 -0.619473 0.94896 0.250458 -0.172331 -0.0839565
/12/00219-depth.png 0.728569 0.198015 -0.623107 0.951438 0.247485 -0.163493 -0.0823823
/12/00220-depth.png 0.727906 0.201744 -0.622853 0.952026 0.245283 -0.162604 -0.0839186
/12/00221-depth.png 0.727064 0.207 -0.621798 0.952629 0.244796 -0.159677 -0.0841222
/12/00222-depth.png 0.727064 0.207 -0.621798 0.952629 0.244796 -0.159677 -0.0841222
/12/00223-depth.png 0.724499 0.213229 -0.623374 0.95307 0.244714 -0.15741 -0.0836386
/12/00224-depth.png 0.723155 0.216921 -0.623287 0.953425 0.244087 -0.156766 -0.0826262
/12/00225-depth.png 0.723462 0.222452 -0.623979 0.953063 0.246129 -0.156217 -0.0817747
/12/00226-depth.png 0.722769 0.226314 -0.624126 0.952812 0.247371 -0.155739 -0.0818713
/12/00227-depth.png 0.723708 0.233808 -0.622944 0.952543 0.248907 -0.155413 -0.0809614
/12/00228-depth.png 0.723286 0.240358 -0.62393 0.952816 0.24872 -0.154962 -0.0791631
/12/00229-depth.png 0.723861 0.246365 -0.622856 0.952847 0.248575 -0.155651 -0.0778803
/12/00230-depth.png 0.72578 0.252524 -0.62421 0.953021 0.248211 -0.155619 -0.0769671
/12/00231-depth.png 0.72654 0.259554 -0.62384 0.953017 0.248286 -0.155827 -0.0763574
/12/00232-depth.png 0.729063 0.263836 -0.621747 0.952909 0.248231 -0.157083 -0.0752999
/12/00233-depth.png 0.730457 0.269411 -0.622023 0.953035 0.247749 -0.157309 -0.0748282
/12/00234-depth.png 0.740052 0.282768 -0.61778 0.953238 0.246104 -0.159541 -0.0729214
/12/00235-depth.png 0.741512 0.287183 -0.620124 0.953234 0.246415 -0.159436 -0.072149
/12/00236-depth.png 0.742428 0.292887 -0.620463 0.952947 0.247701 -0.15965 -0.0710516
/12/00237-depth.png 0.745745 0.295607 -0.617422 0.952319 0.249133 -0.161141 -0.0710977
/12/00238-depth.png 0.747664 0.296396 -0.616835 0.95231 0.249061 -0.161322 -0.0710606
/12/00239-depth.png 0.754599 0.300444 -0.619979 0.952418 0.248501 -0.160989 -0.0723163
/12/00240-depth.png 0.75801 0.301421 -0.620063 0.951763 0.250154 -0.16242 -0.0720438
/12/00241-depth.png 0.764371 0.301834 -0.615436 0.95018 0.253581 -0.165968 -0.0728661
/12/00242-depth.png 0.764901 0.305115 -0.62071 0.949949 0.254728 -0.165475 -0.0729897
/12/00243-depth.png 0.770073 0.307028 -0.619121 0.949025 0.256375 -0.167615 -0.0743539
/12/00244-depth.png 0.77383 0.306847 -0.619168 0.948669 0.256676 -0.168855 -0.075051
/12/00245-depth.png 0.779136 0.309424 -0.618979 0.948149 0.257797 -0.16959 -0.0761079
/12/00246-depth.png 0.790247 0.315088 -0.618533 0.947934 0.258763 -0.16912 -0.0765553
/12/00247-depth.png 0.79776 0.316772 -0.619382 0.947901 0.258665 -0.169105 -0.0773318
/12/00248-depth.png 0.799405 0.320494 -0.619355 0.947896 0.259638 -0.167613 -0.0773819
/12/00249-depth.png 0.80986 0.324771 -0.613348 0.947115 0.261393 -0.168295 -0.0795187
/12/00250-depth.png 0.810038 0.329623 -0.623583 0.949581 0.256856 -0.16065 -0.0806952
/12/00251-depth.png 0.813669 0.328103 -0.620522 0.94931 0.256465 -0.162165 -0.0820957
/12/00252-depth.png 0.815663 0.330477 -0.618699 0.948943 0.257216 -0.162535 -0.0832455
/12/00253-depth.png 0.81967 0.33358 -0.621232 0.949326 0.255732 -0.162436 -0.083643
/12/00254-depth.png 0.828976 0.337565 -0.616311 0.94851 0.256742 -0.164719 -0.0853231
/12/00255-depth.png 0.831081 0.33976 -0.615929 0.948487 0.257021 -0.163797 -0.0865019
/12/00256-depth.png 0.828653 0.342481 -0.6209 0.949977 0.254386 -0.159968 -0.0850961
/12/00257-depth.png 0.831007 0.345258 -0.621462 0.950157 0.254484 -0.159288 -0.0840594
/12/00258-depth.png 0.830711 0.350552 -0.623519 0.950229 0.255794 -0.157481 -0.0826728
/12/00259-depth.png 0.831227 0.355417 -0.621564 0.949988 0.256643 -0.158692 -0.0804635
/12/00260-depth.png 0.829203 0.357534 -0.624122 0.950498 0.25548 -0.158226 -0.0790507
/12/00261-depth.png 0.829203 0.357534 -0.624122 0.950498 0.25548 -0.158226 -0.0790507
/12/00262-depth.png 0.829203 0.357534 -0.624122 0.950498 0.25548 -0.158226 -0.0790507
/12/00263-depth.png 0.817477 0.387062 -0.627617 0.950159 0.260745 -0.157496 -0.0663764
/12/00264-depth.png 0.814326 0.396747 -0.627564 0.950489 0.261167 -0.156318 -0.0626592
/12/00265-depth.png 0.815129 0.39859 -0.626499 0.950907 0.259333 -0.157859 -0.0600199
/12/00266-depth.png 0.804701 0.417402 -0.629376 0.951319 0.261317 -0.153967 -0.0547659
/12/00267-depth.png 0.806034 0.416914 -0.625323 0.951461 0.25746 -0.160266 -0.0524457
/12/00268-depth.png 0.806547 0.440184 -0.607967 0.947783 0.270351 -0.160416 -0.0536984
/12/00269-depth.png 0.801233 0.430904 -0.623046 0.952195 0.257706 -0.156877 -0.0479755
/12/00270-depth.png 0.795025 0.445023 -0.623601 0.952655 0.25881 -0.154015 -0.0417861
/12/00271-depth.png 0.790969 0.452345 -0.625576 0.952406 0.260685 -0.153017 -0.0393892
/12/00272-depth.png 0.788079 0.458074 -0.626359 0.951591 0.263673 -0.153039 -0.0391221
/12/00273-depth.png 0.762518 0.488353 -0.62835 0.945179 0.282139 -0.158292 -0.044472
/12/00274-depth.png 0.759302 0.490781 -0.628626 0.943846 0.285025 -0.160193 -0.0474827
/12/00275-depth.png 0.757652 0.492014 -0.627433 0.943081 0.286615 -0.161638 -0.0482022
/12/00276-depth.png 0.757652 0.492014 -0.627433 0.943081 0.286615 -0.161638 -0.0482022
/12/00277-depth.png 0.749107 0.496328 -0.633445 0.942676 0.28773 -0.161511 -0.0498644
/12/00278-depth.png 0.747113 0.498462 -0.632891 0.941711 0.290042 -0.162439 -0.051664
/12/00279-depth.png 0.741677 0.498008 -0.632306 0.941504 0.290428 -0.162721 -0.0523743
/12/00280-depth.png 0.739439 0.499515 -0.631402 0.940835 0.292593 -0.162318 -0.0535859
/12/00281-depth.png 0.739439 0.499515 -0.631402 0.940835 0.292593 -0.162318 -0.0535859
/12/00282-depth.png 0.738031 0.50092 -0.631894 0.940659 0.293636 -0.161127 -0.0545519
/12/00283-depth.png 0.735782 0.503262 -0.631664 0.940226 0.294604 -0.161686 -0.0551407
/12/00284-depth.png 0.733091 0.504248 -0.63496 0.940602 0.294118 -0.160435 -0.0549874
/12/00285-depth.png 0.73148 0.504957 -0.633658 0.940091 0.296072 -0.159934 -0.0546945
/12/00286-depth.png 0.727654 0.506232 -0.634712 0.94027 0.296562 -0.158145 -0.054161
/12/00287-depth.png 0.728693 0.505278 -0.63366 0.939917 0.297334 -0.158508 -0.0549946
/12/00288-depth.png 0.724723 0.508196 -0.635314 0.939685 0.298861 -0.156978 -0.0550606
/12/00289-depth.png 0.723598 0.509288 -0.635862 0.939455 0.299733 -0.156539 -0.0554923
/12/00290-depth.png 0.721581 0.509657 -0.636915 0.939305 0.300439 -0.156016 -0.0556979
/12/00291-depth.png 0.721581 0.509657 -0.636915 0.939305 0.300439 -0.156016 -0.0556979
/12/00292-depth.png 0.713629 0.515206 -0.638604 0.936535 0.30841 -0.156031 -0.0586427
/12/00293-depth.png 0.715193 0.515423 -0.6356 0.935519 0.310181 -0.15799 -0.0602637
/12/00294-depth.png 0.706647 0.518017 -0.640152 0.935151 0.311984 -0.156583 -0.0603378
/12/00295-depth.png 0.70909 0.51765 -0.637167 0.933119 0.316702 -0.158207 -0.0629239
/12/00296-depth.png 0.701511 0.519926 -0.643204 0.932673 0.319449 -0.155066 -0.0634605
/12/00297-depth.png 0.702846 0.518673 -0.642764 0.93215 0.320648 -0.15519 -0.0647837
/12/00298-depth.png 0.700548 0.52087 -0.644806 0.931099 0.324277 -0.153557 -0.0657145
/12/00299-depth.png 0.698665 0.523286 -0.644945 0.930099 0.327031 -0.153102 -0.0672795
/12/00300-depth.png 0.696792 0.525702 -0.644675 0.929328 0.329265 -0.153041 -0.0671726
/12/00301-depth.png 0.695504 0.524854 -0.647135 0.929203 0.32949 -0.152969 -0.0679597
/12/00302-depth.png 0.693209 0.525474 -0.647904 0.928713 0.330629 -0.153163 -0.0686829
/12/00303-depth.png 0.688856 0.528945 -0.645837 0.927895 0.332967 -0.152595 -0.0697015
/12/00304-depth.png 0.690328 0.52923 -0.640398 0.927457 0.333279 -0.1534 -0.0722264
/12/00305-depth.png 0.684251 0.530422 -0.644293 0.928553 0.332075 -0.14979 -0.0712643
/12/00306-depth.png 0.689513 0.528414 -0.637658 0.927884 0.332542 -0.151969 -0.0731574
/12/00307-depth.png 0.683343 0.526858 -0.642156 0.929202 0.330854 -0.147848 -0.0725356
/12/00308-depth.png 0.676557 0.527109 -0.647669 0.929857 0.331077 -0.142968 -0.0728985
/12/00309-depth.png 0.677289 0.525626 -0.645382 0.929479 0.33179 -0.143155 -0.0740942
/12/00310-depth.png 0.670846 0.528478 -0.647575 0.92977 0.331768 -0.141155 -0.0743802
/12/00311-depth.png 0.666016 0.530036 -0.645558 0.929977 0.331403 -0.139843 -0.0758831
/12/00312-depth.png 0.665273 0.528664 -0.641942 0.929912 0.331222 -0.140086 -0.0770214
/12/00313-depth.png 0.661057 0.527812 -0.644364 0.930436 0.329495 -0.138631 -0.0806475
/12/00314-depth.png 0.655095 0.526977 -0.643779 0.930822 0.328478 -0.137231 -0.0827091
/12/00315-depth.png 0.65381 0.529402 -0.641241 0.929985 0.330285 -0.137491 -0.0844778
/12/00316-depth.png 0.648912 0.527899 -0.643027 0.930598 0.328671 -0.13653 -0.0855693
/12/00317-depth.png 0.643953 0.530451 -0.637856 0.929634 0.330431 -0.137334 -0.0879555
/12/00318-depth.png 0.639296 0.52973 -0.635915 0.930147 0.329251 -0.136412 -0.0883817
/12/00319-depth.png 0.627984 0.525652 -0.63992 0.932706 0.324195 -0.132532 -0.0859787
/12/00320-depth.png 0.620772 0.524452 -0.637191 0.93188 0.325201 -0.132046 -0.0916917
/12/00321-depth.png 0.613454 0.520047 -0.639764 0.932611 0.32392 -0.130331 -0.091249
/12/00322-depth.png 0.614605 0.53865 -0.623013 0.92775 0.336804 -0.130902 -0.0933108
/12/00323-depth.png 0.609178 0.513898 -0.638273 0.934494 0.31904 -0.130535 -0.0888503
/12/00324-depth.png 0.607825 0.511923 -0.635223 0.934437 0.320595 -0.127603 -0.0881093
/12/00325-depth.png 0.603925 0.509401 -0.636526 0.936137 0.316522 -0.124528 -0.0891873
/12/00326-depth.png 0.596262 0.500344 -0.638907 0.936471 0.313267 -0.127383 -0.0930544
/12/00327-depth.png 0.594171 0.516768 -0.623271 0.927613 0.333627 -0.132881 -0.102812
/12/00328-depth.png 0.589772 0.493751 -0.639528 0.932657 0.319297 -0.134464 -0.100594
/12/00329-depth.png 0.588709 0.49057 -0.642132 0.931095 0.319592 -0.140018 -0.106385
/12/00330-depth.png 0.585445 0.485998 -0.646442 0.929736 0.319479 -0.143911 -0.113193
/12/00331-depth.png 0.585358 0.483111 -0.645376 0.928662 0.320114 -0.145202 -0.118448
/12/00332-depth.png 0.585381 0.481737 -0.646833 0.928301 0.320014 -0.146436 -0.120019
/12/00333-depth.png 0.583607 0.481999 -0.646243 0.928074 0.320183 -0.146699 -0.120999
/12/00334-depth.png 0.584904 0.476446 -0.646498 0.928025 0.317986 -0.148456 -0.124958
/12/00335-depth.png 0.584671 0.474656 -0.64667 0.927961 0.31741 -0.148256 -0.127121
/12/00336-depth.png 0.586041 0.472002 -0.643635 0.927494 0.316757 -0.149153 -0.131044
/12/00337-depth.png 0.581952 0.47084 -0.64426 0.928328 0.314897 -0.147895 -0.13105
/12/00338-depth.png 0.580305 0.468085 -0.642415 0.92903 0.311558 -0.150439 -0.131162
/12/00339-depth.png 0.578707 0.465111 -0.643409 0.930078 0.309415 -0.149571 -0.129793
/12/00340-depth.png 0.579783 0.46749 -0.638239 0.9294 0.312367 -0.148793 -0.128462
/12/00341-depth.png 0.56932 0.46408 -0.642903 0.932299 0.30738 -0.144083 -0.124808
/12/00342-depth.png 0.558675 0.467141 -0.638287 0.932844 0.307752 -0.142993 -0.121015
/12/00343-depth.png 0.551912 0.470079 -0.637268 0.933581 0.306733 -0.143375 -0.117412
/12/00344-depth.png 0.545586 0.47044 -0.637916 0.934597 0.304241 -0.141233 -0.118406
/12/00345-depth.png 0.537637 0.469776 -0.638897 0.935277 0.304203 -0.138797 -0.115985
/12/00346-depth.png 0.527943 0.4775 -0.635883 0.93435 0.308982 -0.137249 -0.112621
/12/00347-depth.png 0.527943 0.4775 -0.635883 0.93435 0.308982 -0.137249 -0.112621
/12/00348-depth.png 0.526869 0.4789 -0.634506 0.932961 0.312903 -0.139607 -0.110392
/12/00349-depth.png 0.516512 0.479995 -0.639042 0.933587 0.313131 -0.136105 -0.108814
/12/00350-depth.png 0.514544 0.484092 -0.636453 0.931109 0.319156 -0.138109 -0.110007
/12/00351-depth.png 0.498724 0.488363 -0.636643 0.931586 0.319856 -0.136119 -0.106352
/12/00352-depth.png 0.494103 0.489319 -0.637265 0.932266 0.317917 -0.136525 -0.105686
/12/00353-depth.png 0.490303 0.489764 -0.636336 0.93282 0.316752 -0.135274 -0.105906
/12/00354-depth.png 0.486392 0.4868 -0.638217 0.933924 0.31424 -0.133469 -0.10595
/12/00355-depth.png 0.486392 0.4868 -0.638217 0.933924 0.31424 -0.133469 -0.10595
/12/00356-depth.png 0.486392 0.4868 -0.638217 0.933924 0.31424 -0.133469 -0.10595
/12/00357-depth.png 0.477396 0.484388 -0.63872 0.933664 0.316122 -0.131214 -0.105454
/12/00358-depth.png 0.470772 0.484315 -0.635696 0.932516 0.319566 -0.131273 -0.10516
/12/00359-depth.png 0.470772 0.484315 -0.635696 0.932516 0.319566 -0.131273 -0.10516
/12/00360-depth.png 0.466747 0.47758 -0.636176 0.933829 0.317132 -0.132917 -0.0986073
/12/00361-depth.png 0.462719 0.477167 -0.634418 0.933868 0.318371 -0.131886 -0.0955809
/12/00362-depth.png 0.465133 0.472925 -0.632762 0.933526 0.318721 -0.134826 -0.0936418
/12/00363-depth.png 0.464634 0.469672 -0.632812 0.93402 0.317765 -0.135079 -0.0915732
/12/00364-depth.png 0.461777 0.466899 -0.633438 0.934726 0.316857 -0.134406 -0.0884497
/12/00365-depth.png 0.461777 0.466899 -0.633438 0.934726 0.316857 -0.134406 -0.0884497
/12/00366-depth.png 0.459402 0.447455 -0.633669 0.935749 0.316837 -0.133786 -0.0780402
/12/00367-depth.png 0.459188 0.438343 -0.635826 0.93612 0.317194 -0.132214 -0.0747467
/12/00368-depth.png 0.460787 0.434767 -0.634695 0.935777 0.318297 -0.132579 -0.0736933
/12/00369-depth.png 0.461256 0.430113 -0.634445 0.935967 0.317977 -0.132697 -0.0724402
/12/00370-depth.png 0.46188 0.419214 -0.634315 0.936605 0.316074 -0.133732 -0.0705903
/12/00371-depth.png 0.460727 0.41164 -0.636619 0.937037 0.314927 -0.134266 -0.0689625
/12/00372-depth.png 0.460956 0.402429 -0.634833 0.936299 0.315866 -0.136971 -0.0693694
/12/00373-depth.png 0.458766 0.396363 -0.636804 0.936602 0.314787 -0.137969 -0.0681915
/12/00374-depth.png 0.464182 0.382858 -0.634487 0.935573 0.314905 -0.143897 -0.0695157
/12/00375-depth.png 0.463998 0.373062 -0.632343 0.935596 0.314486 -0.145092 -0.0686091
/12/00376-depth.png 0.462718 0.361493 -0.631779 0.935671 0.314693 -0.144817 -0.0671996
/12/00377-depth.png 0.464403 0.348449 -0.631123 0.935521 0.314199 -0.146734 -0.0674392
/12/00378-depth.png 0.463896 0.336826 -0.629184 0.935672 0.314129 -0.146105 -0.0670457
/12/00379-depth.png 0.463677 0.327883 -0.628095 0.935872 0.313343 -0.146714 -0.0665957
/12/00380-depth.png 0.466333 0.314983 -0.628946 0.936206 0.311268 -0.148517 -0.0676293
/12/00381-depth.png 0.46798 0.307442 -0.629097 0.936604 0.309571 -0.149631 -0.0674455
/12/00382-depth.png 0.46798 0.307442 -0.629097 0.936604 0.309571 -0.149631 -0.0674455
/12/00383-depth.png 0.46798 0.307442 -0.629097 0.936604 0.309571 -0.149631 -0.0674455
/12/00384-depth.png 0.470394 0.289089 -0.626433 0.937037 0.3081 -0.149847 -0.0676911
/12/00385-depth.png 0.462786 0.291165 -0.618588 0.936358 0.311655 -0.147348 -0.0662853
/12/00386-depth.png 0.463672 0.278048 -0.618935 0.936739 0.309774 -0.148387 -0.0673948
/12/00387-depth.png 0.463672 0.278048 -0.618935 0.936739 0.309774 -0.148387 -0.0673948
/12/00388-depth.png 0.467602 0.252155 -0.621063 0.93585 0.310844 -0.14832 -0.0745757
/12/00389-depth.png 0.470228 0.237539 -0.621607 0.935388 0.311111 -0.148462 -0.0788506
/12/00390-depth.png 0.472082 0.233681 -0.622768 0.935337 0.311269 -0.1477 -0.0802495
/12/00391-depth.png 0.472082 0.233681 -0.622768 0.935337 0.311269 -0.1477 -0.0802495
/12/00392-depth.png 0.474177 0.222753 -0.630207 0.934857 0.314631 -0.141742 -0.0834175
/12/00393-depth.png 0.471611 0.21547 -0.629709 0.933748 0.315092 -0.14538 -0.087727
/12/00394-depth.png 0.474098 0.208082 -0.629354 0.933181 0.313591 -0.150276 -0.0908294
/12/00395-depth.png 0.482421 0.188204 -0.631434 0.934432 0.307671 -0.153283 -0.0931652
/12/00396-depth.png 0.482425 0.185221 -0.630301 0.934596 0.306782 -0.153352 -0.0943271
/12/00397-depth.png 0.480214 0.182199 -0.628484 0.934642 0.307266 -0.151922 -0.0946094
/12/00398-depth.png 0.480214 0.182199 -0.628484 0.934642 0.307266 -0.151922 -0.0946094
/12/00399-depth.png 0.484532 0.168158 -0.631466 0.93604 0.302328 -0.152532 -0.0957137
/12/00400-depth.png 0.487326 0.161738 -0.631548 0.936336 0.301108 -0.153142 -0.095689
/12/00401-depth.png 0.489076 0.149778 -0.632902 0.937198 0.299764 -0.150837 -0.0951314
/12/00402-depth.png 0.491845 0.144055 -0.63427 0.937506 0.298461 -0.151265 -0.0955128
/12/00403-depth.png 0.49526 0.139985 -0.637463 0.937992 0.29702 -0.151088 -0.0955104
/12/00404-depth.png 0.494568 0.132799 -0.636106 0.93793 0.297504 -0.149458 -0.0971691
/12/00405-depth.png 0.492458 0.12987 -0.633818 0.938246 0.297345 -0.147122 -0.0981644
/12/00406-depth.png 0.541952 0.087179 -0.649587 0.941077 0.273735 -0.167792 -0.10625
/12/00407-depth.png 0.538502 0.0808352 -0.647437 0.943404 0.268921 -0.162153 -0.106657
/12/00408-depth.png 0.537856 0.0805126 -0.647382 0.944461 0.266255 -0.160325 -0.106763
/12/00409-depth.png 0.530914 0.0774403 -0.643134 0.946765 0.260896 -0.155745 -0.106364
/12/00410-depth.png 0.522573 0.0721266 -0.643324 0.951059 0.254001 -0.141557 -0.104556
/12/00411-depth.png 0.487443 0.0924114 -0.636039 0.951311 0.265671 -0.121131 -0.0987565
/12/00412-depth.png 0.487265 0.0835483 -0.642624 0.952861 0.262158 -0.118016 -0.0969621
/12/00413-depth.png 0.480776 0.0828767 -0.645391 0.953012 0.263095 -0.115255 -0.0962589
/12/00414-depth.png 0.482033 0.0799829 -0.647939 0.953358 0.261491 -0.11609 -0.0962022
/12/00415-depth.png 0.481859 0.0766282 -0.649746 0.953884 0.260205 -0.115887 -0.0947001
/12/00416-depth.png 0.466214 0.0811327 -0.649224 0.954893 0.26004 -0.109302 -0.0928042
/12/00417-depth.png 0.466881 0.0764337 -0.651198 0.956031 0.256308 -0.108556 -0.0923356
/12/00418-depth.png 0.465961 0.0733343 -0.656759 0.957993 0.250328 -0.105516 -0.091937
/12/00419-depth.png 0.502617 0.041966 -0.67078 0.961527 0.22442 -0.122254 -0.100777
/12/00420-depth.png 0.496142 0.0459813 -0.66809 0.962317 0.223521 -0.117735 -0.10061
/12/00421-depth.png 0.498396 0.0392493 -0.670845 0.963752 0.217037 -0.117405 -0.101454
/12/00422-depth.png 0.496998 0.036926 -0.672446 0.965155 0.211819 -0.114361 -0.102615
/12/00423-depth.png 0.459726 0.0646154 -0.662869 0.965151 0.22424 -0.0938892 -0.0968745
/12/00424-depth.png 0.458924 0.0536692 -0.665334 0.967387 0.216298 -0.088931 -0.0973065
/12/00425-depth.png 0.46038 0.0511116 -0.667751 0.968458 0.213079 -0.0854685 -0.0968564
/12/00426-depth.png 0.459694 0.0502047 -0.669558 0.970228 0.207113 -0.0792724 -0.0973537
/12/00427-depth.png 0.493526 0.0231442 -0.681162 0.972016 0.189271 -0.0929147 -0.103576
/12/00428-depth.png 0.462789 0.0383663 -0.675542 0.972955 0.193367 -0.0771391 -0.10009
/12/00429-depth.png 0.461797 0.0422562 -0.674159 0.97314 0.192636 -0.0765015 -0.100189
/12/00430-depth.png 0.463542 0.0397053 -0.673669 0.973735 0.189254 -0.07705 -0.100433
/12/00431-depth.png 0.465915 0.0366824 -0.674701 0.974909 0.183001 -0.0766298 -0.100951
/12/00432-depth.png 0.466666 0.034719 -0.674973 0.975367 0.180588 -0.0763667 -0.101068
/12/00433-depth.png 0.468964 0.0310002 -0.67631 0.975594 0.179755 -0.0759752 -0.100662
/12/00434-depth.png 0.470869 0.0265256 -0.679397 0.97593 0.178844 -0.075818 -0.0991323
/12/00435-depth.png 0.470918 0.0264413 -0.680012 0.975513 0.181367 -0.075823 -0.0986451
/12/00436-depth.png 0.486891 0.0133512 -0.685714 0.975096 0.179268 -0.0844878 -0.0995664
/12/00437-depth.png 0.48187 0.0168586 -0.684982 0.974296 0.184812 -0.0831224 -0.0984044
/12/00438-depth.png 0.484679 0.00952065 -0.689471 0.972955 0.189681 -0.0879361 -0.0982157
/12/00439-depth.png 0.487339 0.0225463 -0.682921 0.968405 0.209552 -0.0958681 -0.0953344
/12/00440-depth.png 0.465235 0.01505 -0.68831 0.968984 0.211306 -0.0875286 -0.0935846
/12/00441-depth.png 0.464944 0.0126555 -0.688731 0.968532 0.212766 -0.0890496 -0.093519
/12/00442-depth.png 0.462162 0.00990912 -0.688238 0.967918 0.215149 -0.0908077 -0.0927296
/12/00443-depth.png 0.462442 0.00912744 -0.688063 0.967566 0.21555 -0.0924304 -0.0938678
/12/00444-depth.png 0.458519 0.00865275 -0.688384 0.967458 0.216894 -0.0916473 -0.0926474
/12/00445-depth.png 0.458247 0.0036664 -0.68816 0.967461 0.216301 -0.093062 -0.0925864
/12/00446-depth.png 0.453028 0.00393474 -0.686448 0.96636 0.22117 -0.0930557 -0.0925872
/12/00447-depth.png 0.450396 0.00327045 -0.687778 0.966595 0.220148 -0.0926768 -0.0929551
/12/00448-depth.png 0.450238 -0.00566253 -0.688411 0.966831 0.217406 -0.0950562 -0.0945332
/12/00449-depth.png 0.448658 -0.00646293 -0.68907 0.966702 0.216763 -0.0965405 -0.0958165
/12/00450-depth.png 0.448658 -0.00646293 -0.68907 0.966702 0.216763 -0.0965405 -0.0958165
/12/00451-depth.png 0.438559 -0.0149155 -0.686312 0.965893 0.216621 -0.101179 -0.0994416
/12/00452-depth.png 0.435016 -0.0186047 -0.685426 0.965448 0.218585 -0.101416 -0.0992208
/12/00453-depth.png 0.432812 -0.0124152 -0.676364 0.963725 0.226402 -0.100309 -0.0995709
/12/00454-depth.png 0.42953 -0.0150825 -0.676015 0.963496 0.227959 -0.0994713 -0.0990774
/12/00455-depth.png 0.428065 -0.0178463 -0.676644 0.963798 0.226788 -0.0990588 -0.0992374
/12/00456-depth.png 0.428065 -0.0178463 -0.676644 0.963798 0.226788 -0.0990588 -0.0992374
/12/00457-depth.png 0.418479 -0.0250654 -0.675197 0.962812 0.231459 -0.0988419 -0.0982334
/12/00458-depth.png 0.416549 -0.0264332 -0.674541 0.962463 0.23301 -0.0987681 -0.0980633
/12/00459-depth.png 0.412372 -0.0333651 -0.676097 0.96281 0.232277 -0.0989428 -0.0961985
/12/00460-depth.png 0.410811 -0.0360033 -0.675724 0.96314 0.231555 -0.0982938 -0.0953025
/12/00461-depth.png 0.406645 -0.0391997 -0.672612 0.962867 0.233827 -0.0972595 -0.0935539
/12/00462-depth.png 0.405488 -0.0325361 -0.664703 0.961863 0.238443 -0.0964254 -0.0930998
/12/00463-depth.png 0.403678 -0.0488001 -0.666468 0.965076 0.228449 -0.0904629 -0.0908639
/12/00464-depth.png 0.400456 -0.0588991 -0.666686 0.966061 0.224375 -0.0898755 -0.0911316
/12/00465-depth.png 0.399222 -0.0639394 -0.664296 0.965974 0.224514 -0.0902034 -0.0913822
/12/00466-depth.png 0.397786 -0.0734029 -0.666066 0.966473 0.22153 -0.0897471 -0.0938058
/12/00467-depth.png 0.397108 -0.0703677 -0.662003 0.965318 0.225439 -0.0896708 -0.0964193
/12/00468-depth.png 0.396118 -0.0841159 -0.666964 0.965569 0.221704 -0.0927422 -0.0996083
/12/00469-depth.png 0.396118 -0.0841159 -0.666964 0.965569 0.221704 -0.0927422 -0.0996083
/12/00470-depth.png 0.397174 -0.0932123 -0.668893 0.963891 0.227024 -0.0952782 -0.101469
/12/00471-depth.png 0.398484 -0.102032 -0.672986 0.964802 0.223241 -0.0949399 -0.101525
/12/00472-depth.png 0.399812 -0.107882 -0.674989 0.965533 0.220383 -0.0939361 -0.101756
/12/00473-depth.png 0.399812 -0.107882 -0.674989 0.965533 0.220383 -0.0939361 -0.101756
/12/00474-depth.png 0.399812 -0.107882 -0.674989 0.965533 0.220383 -0.0939361 -0.101756
/12/00475-depth.png 0.404419 -0.120332 -0.672326 0.965972 0.220327 -0.0889456 -0.102193
/12/00476-depth.png 0.405871 -0.125335 -0.673638 0.966592 0.217716 -0.088318 -0.102469
/12/00477-depth.png 0.406608 -0.130034 -0.673749 0.966575 0.217568 -0.087247 -0.103852
/12/00478-depth.png 0.406918 -0.128875 -0.671302 0.966389 0.218009 -0.0874067 -0.10452
/12/00479-depth.png 0.40718 -0.13144 -0.672487 0.966752 0.216342 -0.0875961 -0.104465
/12/00480-depth.png 0.40752 -0.132571 -0.673099 0.966561 0.216973 -0.0886427 -0.104046
/12/00481-depth.png 0.408543 -0.133215 -0.673197 0.966467 0.216809 -0.0908154 -0.103382
/12/00482-depth.png 0.409197 -0.131845 -0.671909 0.965839 0.219167 -0.0917532 -0.103455
/12/00483-depth.png 0.410174 -0.128305 -0.669026 0.965513 0.220649 -0.0928935 -0.102317
/12/00484-depth.png 0.410719 -0.126985 -0.66795 0.965505 0.221194 -0.0931972 -0.100932
/12/00485-depth.png 0.411397 -0.130952 -0.670067 0.966205 0.218471 -0.0941554 -0.0992623
/12/00486-depth.png 0.413315 -0.125926 -0.668609 0.96541 0.223612 -0.0935336 -0.0960892
/12/00487-depth.png 0.413763 -0.120573 -0.666168 0.964088 0.229915 -0.093658 -0.0943491
/12/00488-depth.png 0.413788 -0.121372 -0.66711 0.96435 0.229005 -0.09353 -0.0940121
/12/00489-depth.png 0.414123 -0.116797 -0.665173 0.963168 0.23443 -0.0922553 -0.0940195
/12/00490-depth.png 0.414336 -0.118842 -0.666591 0.963028 0.234812 -0.092652 -0.0941097
/12/00491-depth.png 0.414021 -0.116121 -0.666666 0.961364 0.241381 -0.0937247 -0.093431
/12/00492-depth.png 0.414021 -0.116121 -0.666666 0.961364 0.241381 -0.0937247 -0.093431
/12/00493-depth.png 0.414917 -0.111071 -0.666563 0.961768 0.240725 -0.0933592 -0.0913083
/12/00494-depth.png 0.416435 -0.108332 -0.668449 0.961833 0.241454 -0.0923714 -0.0896893
/12/00495-depth.png 0.416926 -0.0907237 -0.659266 0.959196 0.252294 -0.0908839 -0.0896138
/12/00496-depth.png 0.418338 -0.0911016 -0.663542 0.961061 0.246094 -0.0900415 -0.0877093
/12/00497-depth.png 0.420453 -0.0782521 -0.658873 0.960437 0.249572 -0.0880986 -0.0866823
/12/00498-depth.png 0.421437 -0.086011 -0.666105 0.962869 0.240496 -0.0878787 -0.0855711
/12/00499-depth.png 0.422095 -0.0836421 -0.666603 0.962902 0.240663 -0.0874899 -0.0851302
/12/00500-depth.png 0.424082 -0.0706435 -0.665274 0.962672 0.242512 -0.0870507 -0.0829066
/12/00501-depth.png 0.425007 -0.0711982 -0.668252 0.963149 0.240761 -0.0872746 -0.0822295
/12/00502-depth.png 0.428677 -0.0445845 -0.663015 0.960143 0.253514 -0.0878959 -0.0783029
/12/00503-depth.png 0.430242 -0.0432037 -0.665006 0.960556 0.252264 -0.0884734 -0.0765958
/12/00504-depth.png 0.431504 -0.0395267 -0.665621 0.960493 0.253106 -0.0885446 -0.0745052
/12/00505-depth.png 0.441434 -0.0195631 -0.663494 0.959697 0.258507 -0.0858399 -0.0691894
/12/00506-depth.png 0.447439 -0.0113989 -0.664294 0.959605 0.25939 -0.0863589 -0.0664656
/12/00507-depth.png 0.450323 -0.00994816 -0.66686 0.960033 0.257773 -0.087495 -0.0650734
/12/00508-depth.png 0.454913 -0.00112796 -0.669286 0.959227 0.261061 -0.0879383 -0.0632216
/12/00509-depth.png 0.460376 0.00702101 -0.671902 0.958958 0.262847 -0.0866161 -0.0617119
/12/00510-depth.png 0.46231 0.0121053 -0.672188 0.958414 0.265134 -0.0859428 -0.0613162
/12/00511-depth.png 0.466964 0.0273234 -0.666725 0.956659 0.271331 -0.0862634 -0.0611636
/12/00512-depth.png 0.470879 0.0304164 -0.670323 0.957404 0.268238 -0.0871724 -0.0618653
/12/00513-depth.png 0.47412 0.0561987 -0.653489 0.953889 0.279968 -0.0879482 -0.0630703
/12/00514-depth.png 0.47412 0.0561987 -0.653489 0.953889 0.279968 -0.0879482 -0.0630703
/12/00515-depth.png 0.47834 0.0519694 -0.661678 0.956464 0.26984 -0.0918014 -0.062733
/12/00516-depth.png 0.482284 0.050449 -0.669839 0.957772 0.265163 -0.0921429 -0.0622246
/12/00517-depth.png 0.48788 0.0668772 -0.661957 0.955834 0.272187 -0.0918526 -0.062123
/12/00518-depth.png 0.489965 0.0813287 -0.674399 0.957277 0.26828 -0.0896952 -0.0600066
/12/00519-depth.png 0.495162 0.0878173 -0.675755 0.958302 0.264715 -0.0899254 -0.0591336
/12/00520-depth.png 0.495162 0.0878173 -0.675755 0.958302 0.264715 -0.0899254 -0.0591336
/12/00521-depth.png 0.50679 0.106679 -0.667933 0.956911 0.268342 -0.0929887 -0.0605499
/12/00522-depth.png 0.51354 0.114823 -0.670635 0.956624 0.269333 -0.0929406 -0.0607717
/12/00523-depth.png 0.520665 0.12089 -0.6713 0.955747 0.271042 -0.0953694 -0.0631616
/12/00524-depth.png 0.520665 0.12089 -0.6713 0.955747 0.271042 -0.0953694 -0.0631616
/12/00525-depth.png 0.529504 0.128339 -0.672428 0.9549 0.273269 -0.0967612 -0.0642455
/12/00526-depth.png 0.535353 0.139695 -0.671575 0.954191 0.275774 -0.0955562 -0.0658616
/12/00527-depth.png 0.537452 0.146515 -0.671947 0.953803 0.27733 -0.0944069 -0.0666005
/12/00528-depth.png 0.583612 0.138321 -0.681279 0.954961 0.265583 -0.108794 -0.0753556
/12/00529-depth.png 0.551581 0.169356 -0.672217 0.953736 0.277643 -0.0916195 -0.070061
/12/00530-depth.png 0.567193 0.185741 -0.673755 0.954464 0.27423 -0.090437 -0.0749515
/12/00531-depth.png 0.573637 0.193259 -0.671398 0.954239 0.274349 -0.09145 -0.0761488
/12/00532-depth.png 0.573637 0.193259 -0.671398 0.954239 0.274349 -0.09145 -0.0761488
/12/00533-depth.png 0.579138 0.207333 -0.670333 0.956021 0.270126 -0.0869092 -0.0741846
/12/00534-depth.png 0.58066 0.215248 -0.669935 0.955828 0.270609 -0.0863087 -0.0755889
/12/00535-depth.png 0.581979 0.22136 -0.670171 0.95625 0.268796 -0.085427 -0.0776988
/12/00536-depth.png 0.589904 0.246761 -0.666544 0.957633 0.26426 -0.0819707 -0.0799097
/12/00537-depth.png 0.589904 0.246761 -0.666544 0.957633 0.26426 -0.0819707 -0.0799097
/12/00538-depth.png 0.593462 0.265612 -0.663586 0.958149 0.260853 -0.0820296 -0.0847157
/12/00539-depth.png 0.588825 0.274861 -0.667166 0.958753 0.260802 -0.0771378 -0.0826102
/12/00540-depth.png 0.588825 0.274861 -0.667166 0.958753 0.260802 -0.0771378 -0.0826102
/12/00541-depth.png 0.584836 0.287181 -0.668616 0.95814 0.263608 -0.077098 -0.0808311
/12/00542-depth.png 0.586329 0.295416 -0.66767 0.957756 0.264837 -0.0800944 -0.0784187
/12/00543-depth.png 0.584292 0.305481 -0.668342 0.957609 0.266368 -0.0798795 -0.075179
/12/00544-depth.png 0.582961 0.316631 -0.66752 0.957395 0.268085 -0.080315 -0.0712373
/12/00545-depth.png 0.582421 0.322393 -0.665889 0.957496 0.268398 -0.0800371 -0.0689776
/12/00546-depth.png 0.580603 0.33178 -0.665609 0.958206 0.267256 -0.0787949 -0.0648645
/12/00547-depth.png 0.578541 0.338758 -0.664501 0.958331 0.267631 -0.0778256 -0.0625989
/12/00548-depth.png 0.574104 0.347258 -0.664272 0.95927 0.265102 -0.0772359 -0.0596438
/12/00549-depth.png 0.57208 0.353373 -0.664503 0.960133 0.261751 -0.0802519 -0.056492
/12/00550-depth.png 0.569067 0.370717 -0.663254 0.960342 0.262196 -0.0801046 -0.0507825
/12/00551-depth.png 0.562894 0.384854 -0.660905 0.960509 0.263236 -0.0772521 -0.0464853
/12/00552-depth.png 0.556359 0.394425 -0.661515 0.960583 0.264086 -0.07449 -0.0446101
/12/00553-depth.png 0.559583 0.399247 -0.659267 0.962214 0.257235 -0.0786436 -0.0423062
/12/00554-depth.png 0.554196 0.410867 -0.657317 0.962212 0.257969 -0.0773967 -0.0401251
/12/00555-depth.png 0.553309 0.415122 -0.656937 0.962241 0.257955 -0.0770904 -0.0401202
/12/00556-depth.png 0.54545 0.437714 -0.657618 0.962324 0.258555 -0.0762502 -0.0355923
/12/00557-depth.png 0.543734 0.445466 -0.656279 0.96235 0.258106 -0.077693 -0.0350373
/12/00558-depth.png 0.542711 0.451223 -0.656605 0.962305 0.258087 -0.0784656 -0.0346914
/12/00559-depth.png 0.557661 0.484706 -0.634502 0.954504 0.281794 -0.0886055 -0.0407782
/12/00560-depth.png 0.550432 0.464573 -0.654685 0.958068 0.269978 -0.087936 -0.0385382
/12/00561-depth.png 0.548156 0.469255 -0.657727 0.957878 0.270589 -0.08831 -0.0381139
/12/00562-depth.png 0.551442 0.495489 -0.641768 0.951428 0.289659 -0.0950345 -0.043027
/12/00563-depth.png 0.545365 0.481694 -0.658398 0.955552 0.275224 -0.097504 -0.0408187
/12/00564-depth.png 0.538992 0.488483 -0.661218 0.955 0.277536 -0.0966214 -0.040157
/12/00565-depth.png 0.541003 0.490543 -0.662821 0.95477 0.277485 -0.0986148 -0.0411336
/12/00566-depth.png 0.542913 0.495855 -0.663087 0.954076 0.278968 -0.100475 -0.0426616
/12/00567-depth.png 0.541446 0.499108 -0.66676 0.953991 0.279273 -0.100662 -0.0421188
/12/00568-depth.png 0.541048 0.502859 -0.664707 0.953465 0.280858 -0.101239 -0.0421178
/12/00569-depth.png 0.540416 0.503736 -0.664733 0.953341 0.281261 -0.101394 -0.0418682
/12/00570-depth.png 0.541589 0.509094 -0.666835 0.952268 0.284597 -0.101983 -0.0422977
/12/00571-depth.png 0.544731 0.512039 -0.667416 0.951483 0.286547 -0.103733 -0.0425453
/12/00572-depth.png 0.543832 0.515315 -0.668978 0.951241 0.287829 -0.10256 -0.0421456
/12/00573-depth.png 0.54408 0.518205 -0.670076 0.950712 0.289682 -0.102357 -0.0418825
/12/00574-depth.png 0.545938 0.520624 -0.670934 0.950279 0.290677 -0.103241 -0.0426487
/12/00575-depth.png 0.544412 0.521483 -0.670472 0.950196 0.291156 -0.102498 -0.0430021
/12/00576-depth.png 0.54301 0.522574 -0.671198 0.950313 0.290952 -0.102021 -0.0429291
/12/00577-depth.png 0.546875 0.520622 -0.669276 0.950578 0.289682 -0.102244 -0.0450809
/12/00578-depth.png 0.546875 0.520622 -0.669276 0.950578 0.289682 -0.102244 -0.0450809
/12/00579-depth.png 0.547575 0.524486 -0.663949 0.950884 0.290295 -0.096279 -0.0477332
/12/00580-depth.png 0.546908 0.52346 -0.663798 0.951347 0.289227 -0.0948374 -0.0478828
/12/00581-depth.png 0.560267 0.561261 -0.62578 0.942548 0.314934 -0.0975338 -0.0539187
