/13/00000-depth.png -0.398841 0.745023 -0.682657 0.879169 0.465389 0.0878472 0.052507
/13/00001-depth.png -0.39562 0.745747 -0.68644 0.879571 0.464889 0.0871759 0.0513219
/13/00002-depth.png -0.40016 0.745852 -0.682403 0.87915 0.465522 0.0881603 0.0511071
/13/00003-depth.png -0.398439 0.746274 -0.683054 0.879884 0.464694 0.0857915 0.0500389
/13/00004-depth.png -0.397802 0.743533 -0.682531 0.880761 0.463113 0.0858565 0.0491479
/13/00005-depth.png -0.397802 0.743533 -0.682531 0.880761 0.463113 0.0858565 0.0491479
/13/00006-depth.png -0.398972 0.739663 -0.679359 0.881537 0.462394 0.0819174 0.0487161
/13/00007-depth.png -0.396993 0.738703 -0.681886 0.883405 0.459536 0.0797867 0.0453401
/13/00008-depth.png -0.397321 0.734823 -0.679497 0.883761 0.459533 0.0781978 0.0409979
/13/00009-depth.png -0.388578 0.738805 -0.686868 0.884457 0.459125 0.073285 0.0395987
/13/00010-depth.png -0.384373 0.738318 -0.68722 0.881332 0.465379 0.07101 0.0404204
/13/00011-depth.png -0.38497 0.73754 -0.681761 0.880496 0.466764 0.0720612 0.0408105
/13/00012-depth.png -0.379934 0.73927 -0.690515 0.882164 0.464112 0.068894 0.0404998
/13/00013-depth.png -0.388391 0.73669 -0.683034 0.881421 0.46487 0.0721157 0.0423237
/13/00014-depth.png -0.381327 0.735392 -0.686778 0.882693 0.462915 0.0703919 0.0401065
/13/00015-depth.png -0.381079 0.734207 -0.683156 0.882428 0.463582 0.0701067 0.0387148
/13/00016-depth.png -0.380467 0.732459 -0.687416 0.884288 0.460536 0.0682205 0.0358675
/13/00017-depth.png -0.376625 0.732524 -0.688056 0.884314 0.460757 0.0667154 0.0352115
/13/00018-depth.png -0.38419 0.73133 -0.679767 0.883576 0.461931 0.0684539 0.0350307
/13/00019-depth.png -0.379502 0.727258 -0.675905 0.884454 0.460772 0.0660832 0.0326239
/13/00020-depth.png -0.36439 0.728304 -0.687982 0.886924 0.45677 0.0618431 0.0300448
/13/00021-depth.png -0.364486 0.725822 -0.685883 0.885754 0.45816 0.0688745 0.0280466
/13/00022-depth.png -0.365633 0.725742 -0.680839 0.885224 0.458755 0.0721326 0.0268103
/13/00023-depth.png -0.349633 0.727369 -0.692675 0.888152 0.454572 0.0630518 0.0239706
/13/00024-depth.png -0.364374 0.719983 -0.673881 0.886019 0.457612 0.0690733 0.0281256
/13/00025-depth.png -0.355998 0.723137 -0.683118 0.887166 0.456106 0.0646213 0.026981
/13/00026-depth.png -0.353104 0.718798 -0.676257 0.887384 0.456126 0.06144 0.0268904
/13/00027-depth.png -0.349986 0.720565 -0.68352 0.888148 0.454839 0.0599062 0.0269374
/13/00028-depth.png -0.332113 0.718433 -0.678397 0.887652 0.456966 0.0513647 0.0248517
/13/00029-depth.png -0.329963 0.715087 -0.674404 0.887969 0.456359 0.0509266 0.0255876
/13/00030-depth.png -0.326065 0.716786 -0.680578 0.889225 0.454212 0.0480934 0.0256567
/13/00031-depth.png -0.315032 0.716691 -0.681821 0.890122 0.452879 0.043943 0.0255517
/13/00032-depth.png -0.312828 0.713802 -0.677443 0.890042 0.452976 0.0446413 0.0254099
/13/00033-depth.png -0.303818 0.711801 -0.67886 0.890786 0.451556 0.043303 0.0268842
/13/00034-depth.png -0.291283 0.713627 -0.679613 0.890954 0.451556 0.0388566 0.0280812
/13/00035-depth.png -0.277652 0.714656 -0.686398 0.890316 0.453088 0.0351008 0.0285972
/13/00036-depth.png -0.265145 0.719483 -0.684101 0.887271 0.459008 0.0325359 0.0316802
/13/00037-depth.png -0.265701 0.711171 -0.681836 0.887292 0.458749 0.0349004 0.0323181
/13/00038-depth.png -0.260308 0.715876 -0.686247 0.886814 0.459838 0.0328841 0.0320686
/13/00039-depth.png -0.245551 0.714715 -0.678731 0.885299 0.462398 0.0341191 0.0356372
/13/00040-depth.png -0.239862 0.717243 -0.679393 0.88545 0.462136 0.0327252 0.0365756
/13/00041-depth.png -0.229764 0.716391 -0.680206 0.886991 0.459042 0.0309679 0.0395937
/13/00042-depth.png -0.220684 0.717758 -0.68188 0.88704 0.458904 0.029586 0.0411345
/13/00043-depth.png -0.206722 0.716916 -0.678981 0.887334 0.45821 0.027815 0.0436811
/13/00044-depth.png -0.194372 0.716441 -0.68068 0.886977 0.458984 0.0258348 0.0440124
/13/00045-depth.png -0.166953 0.742172 -0.667941 0.878583 0.475635 0.0173155 0.0395491
/13/00046-depth.png -0.169134 0.726593 -0.678913 0.88199 0.469123 0.0196952 0.0403729
/13/00047-depth.png -0.170466 0.718625 -0.676605 0.88093 0.470935 0.0215483 0.0414592
/13/00048-depth.png -0.16571 0.718595 -0.673857 0.881266 0.470741 0.0158718 0.0389936
/13/00049-depth.png -0.133883 0.716712 -0.678496 0.881018 0.472222 0.00275312 0.0283868
/13/00050-depth.png -0.120081 0.711708 -0.679028 0.880756 0.473275 0.000508099 0.0167361
/13/00051-depth.png -0.115065 0.713682 -0.675562 0.879992 0.47477 0.000307604 0.0143848
/13/00052-depth.png -0.10692 0.715531 -0.673689 0.879888 0.475014 -0.00151067 0.0125116
/13/00053-depth.png -0.097604 0.710002 -0.669171 0.881678 0.471683 -0.00488378 0.0116301
/13/00054-depth.png -0.0811131 0.705872 -0.671984 0.882778 0.469661 -0.00839033 0.00713182
/13/00055-depth.png -0.0715855 0.70646 -0.671971 0.882426 0.470322 -0.00976032 0.00505564
/13/00056-depth.png -0.0569854 0.700634 -0.671861 0.883016 0.469195 -0.0111239 0.00390971
/13/00057-depth.png -0.0322806 0.701324 -0.670347 0.880676 0.473522 -0.0134291 0.00263349
/13/00058-depth.png -0.0213921 0.706609 -0.668134 0.88022 0.474303 -0.0157888 0.00106274
/13/00059-depth.png -0.00190381 0.698822 -0.668423 0.884397 0.466032 -0.0252919 0.00409417
/13/00060-depth.png 0.00965442 0.693468 -0.671504 0.886084 0.462838 -0.0251714 -0.00162534
/13/00061-depth.png 0.0179123 0.69336 -0.672933 0.885688 0.463546 -0.0259736 -0.00258561
/13/00062-depth.png 0.0278163 0.695081 -0.67443 0.884467 0.465902 -0.0253033 -0.00357203
/13/00063-depth.png 0.0278163 0.695081 -0.67443 0.884467 0.465902 -0.0253033 -0.00357203
/13/00064-depth.png 0.0436095 0.692375 -0.681912 0.883861 0.467044 -0.0251547 -0.00513943
/13/00065-depth.png 0.0484291 0.691839 -0.682876 0.883271 0.46813 -0.025647 -0.00526182
/13/00066-depth.png 0.0531417 0.694785 -0.684469 0.882486 0.46945 -0.0278918 -0.00758173
/13/00067-depth.png 0.0567465 0.692984 -0.68217 0.882627 0.46904 -0.0297984 -0.00913656
/13/00068-depth.png 0.0567465 0.692984 -0.68217 0.882627 0.46904 -0.0297984 -0.00913656
/13/00069-depth.png 0.0567465 0.692984 -0.68217 0.882627 0.46904 -0.0297984 -0.00913656
/13/00070-depth.png 0.0816432 0.69321 -0.685648 0.882637 0.468412 -0.0375757 -0.0113695
/13/00071-depth.png 0.0815772 0.691487 -0.686557 0.882695 0.468441 -0.0359105 -0.0111
/13/00072-depth.png 0.0954437 0.689969 -0.686105 0.883232 0.467182 -0.0381121 -0.0137879
/13/00073-depth.png 0.101315 0.689082 -0.686791 0.883283 0.467016 -0.0387178 -0.0144257
/13/00074-depth.png 0.105642 0.687545 -0.687973 0.883536 0.466682 -0.0372666 -0.0135347
/13/00075-depth.png 0.113289 0.686264 -0.686104 0.883739 0.466562 -0.0342666 -0.0122457
/13/00076-depth.png 0.124359 0.685468 -0.686309 0.885047 0.463671 -0.0388743 -0.013767
/13/00077-depth.png 0.121331 0.681779 -0.686155 0.886098 0.461794 -0.0374411 -0.0132234
/13/00078-depth.png 0.134492 0.677263 -0.687958 0.886964 0.459916 -0.0400149 -0.0130685
/13/00079-depth.png 0.136048 0.675947 -0.685325 0.886401 0.461211 -0.0380027 -0.0115353
/13/00080-depth.png 0.146264 0.671743 -0.688865 0.887279 0.459459 -0.0387136 -0.0115735
/13/00081-depth.png 0.153278 0.671809 -0.687228 0.886437 0.460906 -0.0404735 -0.0125399
/13/00082-depth.png 0.164915 0.668927 -0.686495 0.886714 0.460249 -0.0419408 -0.0122137
/13/00083-depth.png 0.165828 0.66413 -0.688173 0.88748 0.45888 -0.0409941 -0.0112863
/13/00084-depth.png 0.165828 0.66413 -0.688173 0.88748 0.45888 -0.0409941 -0.0112863
/13/00085-depth.png 0.17959 0.658776 -0.688879 0.886585 0.460599 -0.0406767 -0.012659
/13/00086-depth.png 0.193208 0.653634 -0.688179 0.885946 0.461921 -0.039834 -0.0119258
/13/00087-depth.png 0.196229 0.648802 -0.690111 0.886429 0.460986 -0.0400606 -0.0114365
/13/00088-depth.png 0.207906 0.645023 -0.690467 0.886281 0.461259 -0.0402412 -0.0112272
/13/00089-depth.png 0.220097 0.64774 -0.684636 0.884991 0.463512 -0.0421148 -0.0132095
/13/00090-depth.png 0.23541 0.63781 -0.684025 0.888187 0.457465 -0.0395939 -0.0168038
/13/00091-depth.png 0.238203 0.636115 -0.686076 0.88943 0.4552 -0.0378384 -0.0166195
/13/00092-depth.png 0.247472 0.623233 -0.702007 0.891608 0.451718 -0.0280379 -0.0141574
/13/00093-depth.png 0.247472 0.623233 -0.702007 0.891608 0.451718 -0.0280379 -0.0141574
/13/00094-depth.png 0.252891 0.628331 -0.705056 0.887603 0.459533 -0.0284353 -0.013468
/13/00095-depth.png 0.257113 0.627141 -0.713623 0.887133 0.460496 -0.0245305 -0.0183427
/13/00096-depth.png 0.267754 0.630017 -0.715321 0.88378 0.466689 -0.0287496 -0.0175323
/13/00097-depth.png 0.265251 0.633394 -0.717297 0.883682 0.466638 -0.0319357 -0.0182962
/13/00098-depth.png 0.269306 0.632324 -0.713185 0.883305 0.467019 -0.0347294 -0.0214383
/13/00099-depth.png 0.278489 0.634719 -0.709141 0.882539 0.468217 -0.0369242 -0.0230957
/13/00100-depth.png 0.276077 0.634831 -0.712549 0.882994 0.467432 -0.0351917 -0.0242758
/13/00101-depth.png 0.282625 0.635176 -0.712212 0.881583 0.46957 -0.0403832 -0.0261596
/13/00102-depth.png 0.306877 0.639933 -0.702124 0.880103 0.47137 -0.0457384 -0.0337237
/13/00103-depth.png 0.315191 0.639778 -0.704806 0.879813 0.47203 -0.0452098 -0.0327372
/13/00104-depth.png 0.3142 0.634231 -0.71257 0.881161 0.469739 -0.0433837 -0.0319131
/13/00105-depth.png 0.319523 0.640396 -0.71179 0.880028 0.471817 -0.0431914 -0.0327698
/13/00106-depth.png 0.321692 0.638897 -0.717842 0.882229 0.467384 -0.0421185 -0.038069
/13/00107-depth.png 0.329023 0.634867 -0.719027 0.882209 0.466959 -0.0438023 -0.041691
/13/00108-depth.png 0.340454 0.631362 -0.720468 0.881721 0.467352 -0.0470232 -0.0440403
/13/00109-depth.png 0.341451 0.639727 -0.720017 0.87832 0.474165 -0.0439987 -0.0422699
/13/00110-depth.png 0.349238 0.64116 -0.724179 0.880024 0.470401 -0.0454329 -0.0470653
/13/00111-depth.png 0.353646 0.641656 -0.725794 0.880349 0.469587 -0.0463008 -0.0482742
/13/00112-depth.png 0.364531 0.642702 -0.723555 0.880272 0.469517 -0.0477052 -0.0489819
/13/00113-depth.png 0.370378 0.643392 -0.722436 0.880623 0.468842 -0.0483081 -0.0485479
/13/00114-depth.png 0.370378 0.643392 -0.722436 0.880623 0.468842 -0.0483081 -0.0485479
/13/00115-depth.png 0.384922 0.646605 -0.714324 0.88236 0.465149 -0.0492538 -0.0514962
/13/00116-depth.png 0.393024 0.646864 -0.715166 0.883565 0.462924 -0.048393 -0.0516977
/13/00117-depth.png 0.396771 0.64917 -0.713851 0.884353 0.461851 -0.0455916 -0.0503462
/13/00118-depth.png 0.421684 0.656364 -0.702948 0.884393 0.461829 -0.0479168 -0.047616
/13/00119-depth.png 0.412839 0.649539 -0.717623 0.890806 0.450491 -0.0418006 -0.042134
/13/00120-depth.png 0.412839 0.649539 -0.717623 0.890806 0.450491 -0.0418006 -0.042134
/13/00121-depth.png 0.435053 0.655362 -0.713733 0.894492 0.444015 -0.0373582 -0.0365865
/13/00122-depth.png 0.432804 0.654418 -0.717677 0.895632 0.442037 -0.0340007 -0.0359188
/13/00123-depth.png 0.436793 0.65453 -0.720398 0.895793 0.441748 -0.0327393 -0.0366463
/13/00124-depth.png 0.443073 0.658558 -0.722632 0.894918 0.443902 -0.0301072 -0.034147
/13/00125-depth.png 0.455557 0.659701 -0.724946 0.894396 0.444645 -0.0339911 -0.0345048
/13/00126-depth.png 0.455565 0.658913 -0.729705 0.893897 0.446034 -0.0316673 -0.0315945
/13/00127-depth.png 0.461209 0.662412 -0.726009 0.892053 0.449905 -0.0298988 -0.0305433
/13/00128-depth.png 0.477066 0.660297 -0.732109 0.892253 0.449418 -0.0303199 -0.0314555
/13/00129-depth.png 0.477069 0.659369 -0.735435 0.892715 0.44863 -0.0284171 -0.0313463
/13/00130-depth.png 0.479078 0.660876 -0.725036 0.890409 0.453364 -0.0245296 -0.0321151
/13/00131-depth.png 0.492314 0.653791 -0.728225 0.890318 0.453127 -0.0250516 -0.0371721
/13/00132-depth.png 0.492314 0.653791 -0.728225 0.890318 0.453127 -0.0250516 -0.0371721
/13/00133-depth.png 0.502748 0.651175 -0.728976 0.889 0.455786 -0.0207916 -0.038801
/13/00134-depth.png 0.506558 0.649417 -0.726281 0.888541 0.456372 -0.0195587 -0.0428536
/13/00135-depth.png 0.506558 0.649417 -0.726281 0.888541 0.456372 -0.0195587 -0.0428536
/13/00136-depth.png 0.519306 0.636642 -0.722573 0.890097 0.451727 -0.0215385 -0.0566261
/13/00137-depth.png 0.527926 0.631587 -0.724973 0.89068 0.450074 -0.0238843 -0.0596065
/13/00138-depth.png 0.537539 0.626737 -0.724799 0.889545 0.451793 -0.0225324 -0.0639085
/13/00139-depth.png 0.54096 0.623671 -0.725625 0.889363 0.451852 -0.0217116 -0.0662686
/13/00140-depth.png 0.543599 0.622457 -0.725609 0.888857 0.452639 -0.0215868 -0.0677108
/13/00141-depth.png 0.543599 0.622457 -0.725609 0.888857 0.452639 -0.0215868 -0.0677108
/13/00142-depth.png 0.554363 0.616781 -0.724983 0.88788 0.453461 -0.0255462 -0.0734183
/13/00143-depth.png 0.563864 0.611946 -0.723843 0.886985 0.454527 -0.0291711 -0.0762363
/13/00144-depth.png 0.573976 0.607447 -0.724197 0.886618 0.454684 -0.0329822 -0.0779955
/13/00145-depth.png 0.578892 0.604314 -0.724237 0.88624 0.455066 -0.0349903 -0.0791724
/13/00146-depth.png 0.587754 0.602314 -0.721519 0.885005 0.45648 -0.0378378 -0.0834255
/13/00147-depth.png 0.587754 0.602314 -0.721519 0.885005 0.45648 -0.0378378 -0.0834255
/13/00148-depth.png 0.603828 0.596015 -0.717921 0.884281 0.456767 -0.042191 -0.0873567
/13/00149-depth.png 0.605995 0.594176 -0.716926 0.884043 0.456784 -0.0419122 -0.0897776
/13/00150-depth.png 0.621699 0.58541 -0.715367 0.883623 0.455984 -0.0464229 -0.0955741
/13/00151-depth.png 0.627008 0.583234 -0.713635 0.88356 0.455753 -0.0476435 -0.0966519
/13/00152-depth.png 0.632187 0.580108 -0.713347 0.883645 0.455153 -0.0485682 -0.0982288
/13/00153-depth.png 0.640608 0.579336 -0.70972 0.883422 0.454551 -0.0480229 -0.103166
/13/00154-depth.png 0.651623 0.569933 -0.708697 0.884561 0.451342 -0.0486942 -0.1071
/13/00155-depth.png 0.656146 0.567682 -0.707571 0.884 0.451966 -0.0496662 -0.108644
/13/00156-depth.png 0.66616 0.561438 -0.708659 0.884002 0.450744 -0.0516903 -0.112688
/13/00157-depth.png 0.669752 0.560886 -0.709007 0.8837 0.451155 -0.0517738 -0.113367
/13/00158-depth.png 0.679132 0.556668 -0.709968 0.882628 0.452859 -0.0522013 -0.114722
/13/00159-depth.png 0.688806 0.552444 -0.710395 0.881773 0.45391 -0.0547118 -0.115967
/13/00160-depth.png 0.696267 0.551642 -0.708982 0.881525 0.454509 -0.057519 -0.114133
/13/00161-depth.png 0.699316 0.551877 -0.709939 0.881578 0.454609 -0.058278 -0.112937
/13/00162-depth.png 0.701757 0.553109 -0.708927 0.881035 0.455934 -0.0591317 -0.111378
/13/00163-depth.png 0.708581 0.552097 -0.707629 0.880387 0.456764 -0.0621828 -0.111437
/13/00164-depth.png 0.713206 0.55299 -0.707647 0.879531 0.457882 -0.0633895 -0.112925
/13/00165-depth.png 0.715918 0.552866 -0.707152 0.878465 0.45944 -0.0634391 -0.114847
/13/00166-depth.png 0.720722 0.554414 -0.708103 0.876755 0.462241 -0.0650598 -0.115761
/13/00167-depth.png 0.72097 0.556962 -0.707256 0.875958 0.463648 -0.065313 -0.116027
/13/00168-depth.png 0.728603 0.55728 -0.706027 0.874161 0.465774 -0.0657935 -0.120698
/13/00169-depth.png 0.729238 0.557972 -0.708619 0.874141 0.464608 -0.0648691 -0.125734
/13/00170-depth.png 0.729687 0.555696 -0.708388 0.87378 0.464026 -0.0653031 -0.130093
/13/00171-depth.png 0.730992 0.557078 -0.70703 0.8718 0.466009 -0.0664531 -0.135587
/13/00172-depth.png 0.741855 0.552083 -0.70142 0.872028 0.461873 -0.0704304 -0.145877
/13/00173-depth.png 0.739266 0.553375 -0.705423 0.872224 0.462025 -0.0640558 -0.147155
/13/00174-depth.png 0.742536 0.551585 -0.704335 0.871374 0.463685 -0.0653085 -0.146419
/13/00175-depth.png 0.750611 0.550932 -0.700753 0.870746 0.463827 -0.0684019 -0.148283
/13/00176-depth.png 0.751081 0.548989 -0.703903 0.871685 0.461961 -0.0674563 -0.149023
/13/00177-depth.png 0.752994 0.5509 -0.705 0.871179 0.463398 -0.0666198 -0.147891
/13/00178-depth.png 0.763218 0.548718 -0.702316 0.870551 0.463378 -0.0705738 -0.149807
/13/00179-depth.png 0.769656 0.549022 -0.701947 0.870426 0.462994 -0.069367 -0.152261
/13/00180-depth.png 0.776497 0.550194 -0.695983 0.869555 0.463918 -0.0701142 -0.154071
/13/00181-depth.png 0.780451 0.55101 -0.697673 0.871006 0.461608 -0.0672599 -0.154086
/13/00182-depth.png 0.783383 0.552152 -0.699485 0.871834 0.459744 -0.0627778 -0.156847
/13/00183-depth.png 0.788569 0.551607 -0.698683 0.872043 0.459449 -0.0626928 -0.156581
/13/00184-depth.png 0.79597 0.553011 -0.695541 0.871498 0.460533 -0.0631095 -0.156263
/13/00185-depth.png 0.80328 0.556655 -0.696331 0.872129 0.459901 -0.0600055 -0.155824
/13/00186-depth.png 0.804261 0.557853 -0.698318 0.872908 0.458923 -0.0577455 -0.155196
/13/00187-depth.png 0.817897 0.559805 -0.694739 0.872738 0.459025 -0.0579048 -0.15579
/13/00188-depth.png 0.824264 0.564292 -0.694507 0.872775 0.458973 -0.0535611 -0.157283
/13/00189-depth.png 0.827721 0.569755 -0.696656 0.873465 0.45764 -0.0497049 -0.158602
/13/00190-depth.png 0.832742 0.571455 -0.697715 0.874247 0.45574 -0.0484077 -0.160155
/13/00191-depth.png 0.83876 0.569909 -0.699968 0.875774 0.452568 -0.0501714 -0.160268
/13/00192-depth.png 0.843418 0.571697 -0.698126 0.874796 0.453833 -0.0524873 -0.161288
/13/00193-depth.png 0.84379 0.572828 -0.70069 0.875015 0.453432 -0.05265 -0.161172
/13/00194-depth.png 0.853171 0.575361 -0.698752 0.876501 0.451227 -0.0558485 -0.158182
/13/00195-depth.png 0.858994 0.572869 -0.699804 0.876668 0.450768 -0.0581815 -0.157723
/13/00196-depth.png 0.864843 0.572706 -0.69821 0.876722 0.45102 -0.0613036 -0.155505
/13/00197-depth.png 0.868682 0.570289 -0.698398 0.878108 0.448248 -0.0630064 -0.155018
/13/00198-depth.png 0.879754 0.561262 -0.701561 0.878108 0.448287 -0.0693738 -0.15216
/13/00199-depth.png 0.879754 0.561262 -0.701561 0.878108 0.448287 -0.0693738 -0.15216
/13/00200-depth.png 0.886326 0.559739 -0.697839 0.876203 0.452031 -0.071302 -0.151169
/13/00201-depth.png 0.886037 0.558876 -0.701384 0.87623 0.451948 -0.0692841 -0.152196
/13/00202-depth.png 0.894364 0.551737 -0.698736 0.875791 0.45227 -0.0719803 -0.152515
/13/00203-depth.png 0.895106 0.549326 -0.700578 0.87616 0.451784 -0.0711842 -0.152211
/13/00204-depth.png 0.901685 0.546434 -0.697334 0.875185 0.452714 -0.0722176 -0.154552
/13/00205-depth.png 0.909176 0.539755 -0.693594 0.875576 0.451166 -0.0717973 -0.157035
/13/00206-depth.png 0.922957 0.528305 -0.685757 0.875869 0.448586 -0.0711476 -0.162981
/13/00207-depth.png 0.92607 0.522932 -0.684919 0.876641 0.446159 -0.070033 -0.165945
/13/00208-depth.png 0.934419 0.511435 -0.68735 0.877489 0.442836 -0.0662654 -0.171807
/13/00209-depth.png 0.941551 0.505901 -0.688656 0.877962 0.440717 -0.0631749 -0.175956
/13/00210-depth.png 0.945392 0.501136 -0.68871 0.878362 0.438977 -0.0635068 -0.178176
/13/00211-depth.png 0.946557 0.498339 -0.693981 0.879185 0.436852 -0.0620824 -0.179836
/13/00212-depth.png 0.961453 0.487181 -0.688216 0.878599 0.435839 -0.0664389 -0.183561
/13/00213-depth.png 0.975481 0.474546 -0.694273 0.878975 0.433411 -0.0694481 -0.186374
/13/00214-depth.png 0.982975 0.46925 -0.692296 0.878712 0.433018 -0.0717482 -0.18765
/13/00215-depth.png 1.00326 0.458246 -0.691188 0.876174 0.436099 -0.0716408 -0.192364
/13/00216-depth.png 1.00571 0.454177 -0.696636 0.876457 0.435076 -0.0693155 -0.194235
/13/00217-depth.png 1.0162 0.451702 -0.694135 0.874843 0.436328 -0.0705116 -0.198229
/13/00218-depth.png 1.0186 0.446806 -0.694017 0.874624 0.4354 -0.0704646 -0.201233
/13/00219-depth.png 1.03736 0.437678 -0.68683 0.871764 0.436915 -0.0725761 -0.20944
/13/00220-depth.png 1.04544 0.43214 -0.68538 0.871223 0.436063 -0.0733916 -0.21315
/13/00221-depth.png 1.04935 0.426388 -0.693003 0.874049 0.430058 -0.0730534 -0.213897
/13/00222-depth.png 1.06185 0.419603 -0.687926 0.871983 0.430728 -0.0767101 -0.219623
/13/00223-depth.png 1.07544 0.413772 -0.685153 0.868704 0.431623 -0.0753732 -0.23103
/13/00224-depth.png 1.08247 0.410167 -0.681672 0.8667 0.432748 -0.075343 -0.236399
/13/00225-depth.png 1.07994 0.407344 -0.694799 0.869017 0.427728 -0.0714476 -0.238231
/13/00226-depth.png 1.08594 0.402496 -0.694469 0.868271 0.427339 -0.0720451 -0.241448
/13/00227-depth.png 1.08594 0.402496 -0.694469 0.868271 0.427339 -0.0720451 -0.241448
/13/00228-depth.png 1.09102 0.402403 -0.691552 0.867521 0.427315 -0.0717474 -0.244258
/13/00229-depth.png 1.10115 0.400347 -0.682354 0.865001 0.430211 -0.0737996 -0.247476
/13/00230-depth.png 1.10115 0.400347 -0.682354 0.865001 0.430211 -0.0737996 -0.247476
/13/00231-depth.png 1.10115 0.400347 -0.682354 0.865001 0.430211 -0.0737996 -0.247476
/13/00232-depth.png 1.10889 0.393508 -0.688129 0.864367 0.429097 -0.0711029 -0.252369
/13/00233-depth.png 1.11351 0.388489 -0.682825 0.863522 0.430531 -0.0703658 -0.253024
/13/00234-depth.png 1.11726 0.385423 -0.683262 0.863347 0.43042 -0.0710664 -0.253614
/13/00235-depth.png 1.12433 0.382409 -0.684081 0.863261 0.43082 -0.0731068 -0.252645
/13/00236-depth.png 1.13065 0.376366 -0.676937 0.862043 0.432007 -0.074804 -0.254275
/13/00237-depth.png 1.13243 0.370816 -0.679296 0.859313 0.433879 -0.0724174 -0.260934
/13/00238-depth.png 1.13808 0.370974 -0.669735 0.854851 0.439173 -0.0747677 -0.26602
/13/00239-depth.png 1.15166 0.364291 -0.661768 0.851825 0.43928 -0.0818028 -0.273377
/13/00240-depth.png 1.15364 0.358977 -0.6573 0.851813 0.437913 -0.081105 -0.275804
/13/00241-depth.png 1.15364 0.358977 -0.6573 0.851813 0.437913 -0.081105 -0.275804
/13/00242-depth.png 1.15748 0.350545 -0.651182 0.852594 0.435811 -0.0754168 -0.278324
/13/00243-depth.png 1.15895 0.346261 -0.656166 0.852843 0.432573 -0.0732945 -0.283139
/13/00244-depth.png 1.16342 0.338709 -0.661028 0.853063 0.426556 -0.0724935 -0.291681
/13/00245-depth.png 1.16342 0.338709 -0.661028 0.853063 0.426556 -0.0724935 -0.291681
/13/00246-depth.png 1.16973 0.328263 -0.661597 0.854156 0.420837 -0.0765935 -0.295715
/13/00247-depth.png 1.17709 0.328891 -0.648465 0.852731 0.425338 -0.0834064 -0.291516
/13/00248-depth.png 1.18891 0.314051 -0.660309 0.850359 0.421648 -0.0901071 -0.301634
/13/00249-depth.png 1.19233 0.312238 -0.66479 0.850179 0.420719 -0.0891109 -0.303727
/13/00250-depth.png 1.19706 0.308376 -0.664146 0.849103 0.421418 -0.0895513 -0.305633
/13/00251-depth.png 1.21271 0.294809 -0.662237 0.846543 0.418902 -0.091321 -0.31551
/13/00252-depth.png 1.21443 0.292895 -0.659957 0.846812 0.418609 -0.0915467 -0.31511
/13/00253-depth.png 1.21634 0.288924 -0.661106 0.847247 0.416231 -0.0926617 -0.316763
/13/00254-depth.png 1.21916 0.286943 -0.652676 0.843742 0.41661 -0.0979397 -0.32395
/13/00255-depth.png 1.21797 0.282429 -0.654634 0.842003 0.413579 -0.101148 -0.331289
/13/00256-depth.png 1.24326 0.268788 -0.659673 0.839766 0.410192 -0.117136 -0.335879
/13/00257-depth.png 1.24184 0.266745 -0.655007 0.836506 0.411197 -0.12466 -0.340052
/13/00258-depth.png 1.22321 0.26868 -0.649449 0.833908 0.414324 -0.119557 -0.344442
/13/00259-depth.png 1.21989 0.260282 -0.658992 0.833319 0.413497 -0.117142 -0.347675
/13/00260-depth.png 1.21984 0.254096 -0.662827 0.831321 0.415052 -0.117982 -0.35031
/13/00261-depth.png 1.21816 0.245655 -0.666911 0.829637 0.414429 -0.118915 -0.354698
/13/00262-depth.png 1.21816 0.245655 -0.666911 0.829637 0.414429 -0.118915 -0.354698
/13/00263-depth.png 1.22004 0.228731 -0.669408 0.823735 0.417051 -0.121968 -0.364215
/13/00264-depth.png 1.2195 0.218896 -0.674661 0.820045 0.418826 -0.120408 -0.370963
/13/00265-depth.png 1.22118 0.216896 -0.671982 0.81689 0.422568 -0.121553 -0.373299
/13/00266-depth.png 1.22168 0.204873 -0.676104 0.809355 0.423423 -0.126833 -0.386744
/13/00267-depth.png 1.25111 0.180744 -0.682508 0.79907 0.427428 -0.150174 -0.395273
/13/00268-depth.png 1.25111 0.180744 -0.682508 0.79907 0.427428 -0.150174 -0.395273
/13/00269-depth.png 1.22636 0.173285 -0.697791 0.796002 0.423402 -0.142879 -0.408286
/13/00270-depth.png 1.22893 0.168413 -0.701703 0.794717 0.424033 -0.143932 -0.409761
/13/00271-depth.png 1.23378 0.164395 -0.701483 0.79077 0.427072 -0.145135 -0.413797
/13/00272-depth.png 1.23378 0.164395 -0.701483 0.79077 0.427072 -0.145135 -0.413797
/13/00273-depth.png 1.23378 0.164395 -0.701483 0.79077 0.427072 -0.145135 -0.413797
/13/00274-depth.png 1.24105 0.148632 -0.707907 0.783928 0.427409 -0.150972 -0.424248
/13/00275-depth.png 1.24033 0.144775 -0.71021 0.783339 0.426137 -0.151344 -0.426476
/13/00276-depth.png 1.24541 0.136339 -0.712711 0.780515 0.425807 -0.15319 -0.431298
/13/00277-depth.png 1.24673 0.133241 -0.714555 0.779006 0.426618 -0.153316 -0.433176
/13/00278-depth.png 1.24912 0.130205 -0.717301 0.778298 0.426656 -0.152981 -0.434527
/13/00279-depth.png 1.25679 0.120052 -0.716345 0.776685 0.426166 -0.155688 -0.436926
/13/00280-depth.png 1.26175 0.112327 -0.717639 0.775407 0.424782 -0.159042 -0.439329
/13/00281-depth.png 1.26556 0.109134 -0.716517 0.774298 0.424509 -0.160557 -0.440995
/13/00282-depth.png 1.26918 0.102693 -0.716154 0.773532 0.422341 -0.162263 -0.443787
/13/00283-depth.png 1.27091 0.0969058 -0.717211 0.771932 0.420204 -0.163146 -0.448255
/13/00284-depth.png 1.27641 0.0891908 -0.716753 0.769744 0.418194 -0.166356 -0.452696
/13/00285-depth.png 1.27652 0.0865718 -0.716494 0.768275 0.417746 -0.166297 -0.455617
/13/00286-depth.png 1.27965 0.0816746 -0.717507 0.767436 0.417056 -0.167719 -0.457139
/13/00287-depth.png 1.28407 0.0735357 -0.71948 0.76603 0.416136 -0.167016 -0.460581
/13/00288-depth.png 1.2895 0.0690867 -0.716993 0.765222 0.416747 -0.168413 -0.460862
/13/00289-depth.png 1.2901 0.0628958 -0.721802 0.765048 0.415347 -0.166126 -0.463239
/13/00290-depth.png 1.29941 0.0528432 -0.721789 0.763757 0.41544 -0.169173 -0.464183
/13/00291-depth.png 1.30109 0.0485971 -0.722356 0.763951 0.415076 -0.169209 -0.464176
/13/00292-depth.png 1.31209 0.0409404 -0.714992 0.762318 0.419422 -0.171357 -0.462161
/13/00293-depth.png 1.31667 0.0330936 -0.716315 0.762551 0.419442 -0.173581 -0.460928
/13/00294-depth.png 1.32578 0.0198879 -0.718188 0.762669 0.420697 -0.177301 -0.458165
/13/00295-depth.png 1.33104 0.0129393 -0.718919 0.762446 0.422793 -0.177818 -0.456402
/13/00296-depth.png 1.33555 0.0092544 -0.717862 0.762746 0.424057 -0.177843 -0.454716
/13/00297-depth.png 1.3393 0.00595182 -0.715766 0.762563 0.423631 -0.178542 -0.455145
/13/00298-depth.png 1.34007 0.00251967 -0.716012 0.762085 0.422688 -0.178608 -0.456793
/13/00299-depth.png 1.35263 -0.00966114 -0.712467 0.761198 0.42102 -0.186084 -0.456829
/13/00300-depth.png 1.34236 -0.00544155 -0.717245 0.762331 0.420169 -0.177513 -0.459128
/13/00301-depth.png 1.34159 -0.0105678 -0.719299 0.763168 0.417999 -0.176698 -0.460032
/13/00302-depth.png 1.34272 -0.0131397 -0.719758 0.763762 0.416922 -0.176975 -0.459917
/13/00303-depth.png 1.34344 -0.0161812 -0.7206 0.764457 0.415723 -0.176979 -0.459847
/13/00304-depth.png 1.34416 -0.020016 -0.723012 0.764417 0.415521 -0.175436 -0.460687
/13/00305-depth.png 1.36256 -0.0299977 -0.714321 0.762016 0.418565 -0.183822 -0.458633
/13/00306-depth.png 1.36637 -0.0317575 -0.710441 0.761218 0.417824 -0.183288 -0.460843
/13/00307-depth.png 1.36091 -0.0308719 -0.713246 0.762135 0.4156 -0.179707 -0.462745
/13/00308-depth.png 1.34699 -0.0253544 -0.719497 0.763536 0.413371 -0.171598 -0.465502
/13/00309-depth.png 1.34684 -0.0277127 -0.717532 0.764127 0.411011 -0.171872 -0.466519
/13/00310-depth.png 1.34681 -0.0307528 -0.716127 0.765042 0.408732 -0.174297 -0.466122
/13/00311-depth.png 1.34634 -0.0358711 -0.714472 0.765869 0.405482 -0.177038 -0.466568
/13/00312-depth.png 1.34759 -0.0383886 -0.710857 0.766546 0.403598 -0.180107 -0.465915
/13/00313-depth.png 1.3481 -0.0416222 -0.709882 0.766539 0.402129 -0.181781 -0.466546
/13/00314-depth.png 1.36678 -0.0552871 -0.696182 0.765961 0.402636 -0.196573 -0.461029
/13/00315-depth.png 1.35296 -0.0540906 -0.705702 0.769385 0.398965 -0.188047 -0.462074
/13/00316-depth.png 1.35418 -0.0612428 -0.706429 0.771571 0.397299 -0.187765 -0.459973
/13/00317-depth.png 1.3561 -0.0635191 -0.705097 0.772157 0.397806 -0.187818 -0.458529
/13/00318-depth.png 1.36097 -0.0708408 -0.70336 0.773616 0.397333 -0.188728 -0.456099
/13/00319-depth.png 1.36393 -0.078013 -0.705047 0.775419 0.396368 -0.187328 -0.454451
/13/00320-depth.png 1.36836 -0.0792572 -0.704031 0.775856 0.399084 -0.187537 -0.451231
/13/00321-depth.png 1.37121 -0.082535 -0.703402 0.774837 0.400054 -0.189299 -0.451387
/13/00322-depth.png 1.37265 -0.0841423 -0.704693 0.775182 0.400071 -0.189669 -0.450624
/13/00323-depth.png 1.37928 -0.0844803 -0.709138 0.771534 0.410953 -0.191611 -0.446249
/13/00324-depth.png 1.39941 -0.0913576 -0.695348 0.767735 0.415437 -0.204553 -0.442892
/13/00325-depth.png 1.37917 -0.0797948 -0.710509 0.767445 0.415092 -0.194067 -0.448403
/13/00326-depth.png 1.37701 -0.0772957 -0.709741 0.765674 0.415678 -0.197146 -0.449544
/13/00327-depth.png 1.3762 -0.0781447 -0.709445 0.765761 0.414679 -0.19823 -0.44984
/13/00328-depth.png 1.37626 -0.0768788 -0.707402 0.765407 0.414823 -0.198989 -0.449975
/13/00329-depth.png 1.37535 -0.0780939 -0.706392 0.766014 0.413453 -0.19933 -0.450052
/13/00330-depth.png 1.37406 -0.0786676 -0.702798 0.767769 0.412859 -0.198333 -0.448043
/13/00331-depth.png 1.37388 -0.0774908 -0.702424 0.767911 0.413332 -0.196752 -0.448061
/13/00332-depth.png 1.37303 -0.0776555 -0.702537 0.76871 0.412981 -0.195893 -0.44739
/13/00333-depth.png 1.37308 -0.0744335 -0.700753 0.771133 0.412444 -0.19427 -0.444413
/13/00334-depth.png 1.37308 -0.0744335 -0.700753 0.771133 0.412444 -0.19427 -0.444413
/13/00335-depth.png 1.37443 -0.0770187 -0.699839 0.776709 0.409158 -0.194025 -0.437798
/13/00336-depth.png 1.37909 -0.0747562 -0.699502 0.779594 0.410858 -0.192854 -0.431551
/13/00337-depth.png 1.40484 -0.0901482 -0.684427 0.779183 0.410133 -0.206886 -0.426453
/13/00338-depth.png 1.39755 -0.0906329 -0.697336 0.785702 0.406904 -0.194598 -0.423359
/13/00339-depth.png 1.39642 -0.0771399 -0.698332 0.786971 0.413151 -0.187834 -0.417972
/13/00340-depth.png 1.38097 -0.0696345 -0.714485 0.78872 0.413168 -0.175166 -0.420155
/13/00341-depth.png 1.38181 -0.0613438 -0.72198 0.791091 0.416091 -0.167564 -0.415892
/13/00342-depth.png 1.39063 -0.069871 -0.726826 0.793208 0.413202 -0.16641 -0.415201
/13/00343-depth.png 1.39063 -0.069871 -0.726826 0.793208 0.413202 -0.16641 -0.415201
/13/00344-depth.png 1.39063 -0.069871 -0.726826 0.793208 0.413202 -0.16641 -0.415201
/13/00345-depth.png 1.37666 -0.0431204 -0.735946 0.80722 0.40877 -0.145339 -0.400226
/13/00346-depth.png 1.36889 -0.0345767 -0.741321 0.809913 0.407589 -0.141534 -0.397342
/13/00347-depth.png 1.391 -0.0389685 -0.726775 0.812817 0.40889 -0.15654 -0.38423
/13/00348-depth.png 1.38591 -0.0304122 -0.730673 0.816502 0.409642 -0.151904 -0.377417
/13/00349-depth.png 1.387 -0.0298346 -0.733673 0.820202 0.408197 -0.151175 -0.371201
/13/00350-depth.png 1.37096 -0.00628901 -0.758681 0.828764 0.41272 -0.126961 -0.35594
/13/00351-depth.png 1.36927 -0.00149584 -0.766583 0.834107 0.407904 -0.122971 -0.350369
/13/00352-depth.png 1.35893 0.0100706 -0.774229 0.838656 0.406212 -0.115978 -0.343798
/13/00353-depth.png 1.33149 0.0317979 -0.788893 0.841115 0.407218 -0.0985754 -0.342026
/13/00354-depth.png 1.36463 0.0149056 -0.78135 0.843977 0.401028 -0.11935 -0.33561
/13/00355-depth.png 1.31746 0.0514091 -0.796231 0.848733 0.400671 -0.0949741 -0.331807
/13/00356-depth.png 1.31213 0.0616188 -0.796764 0.849906 0.400531 -0.0928081 -0.329579
/13/00357-depth.png 1.2994 0.0741942 -0.797509 0.854306 0.394609 -0.0922713 -0.325472
/13/00358-depth.png 1.3128 0.0803992 -0.787961 0.854856 0.397783 -0.0978949 -0.318443
/13/00359-depth.png 1.31159 0.0852628 -0.790615 0.856128 0.396712 -0.095984 -0.316941
/13/00360-depth.png 1.27786 0.107534 -0.801513 0.858606 0.394605 -0.0784297 -0.317696
/13/00361-depth.png 1.26859 0.114373 -0.806486 0.858573 0.394006 -0.0761999 -0.319068
/13/00362-depth.png 1.25768 0.128023 -0.811943 0.860099 0.393209 -0.0750103 -0.316212
/13/00363-depth.png 1.27604 0.131062 -0.803775 0.86014 0.391248 -0.0922112 -0.313977
/13/00364-depth.png 1.246 0.157047 -0.803173 0.859058 0.393414 -0.0804006 -0.31746
/13/00365-depth.png 1.24277 0.162446 -0.805577 0.859503 0.390813 -0.0793858 -0.319715
/13/00366-depth.png 1.2354 0.172765 -0.805249 0.859884 0.39136 -0.0764615 -0.318733
/13/00367-depth.png 1.26707 0.158847 -0.808285 0.860217 0.384284 -0.104952 -0.318335
/13/00368-depth.png 1.22564 0.186216 -0.8121 0.859436 0.389885 -0.0866918 -0.319129
/13/00369-depth.png 1.22887 0.185188 -0.817914 0.858659 0.389635 -0.0893723 -0.320783
/13/00370-depth.png 1.2604 0.178797 -0.817705 0.857471 0.389335 -0.11019 -0.317836
/13/00371-depth.png 1.2511 0.189355 -0.819149 0.854685 0.393188 -0.110598 -0.320444
/13/00372-depth.png 1.21287 0.208714 -0.828548 0.85623 0.393371 -0.0916882 -0.32206
/13/00373-depth.png 1.20971 0.215379 -0.82503 0.856029 0.393338 -0.0925441 -0.322389
/13/00374-depth.png 1.20268 0.219338 -0.822434 0.855797 0.393965 -0.0920745 -0.322373
/13/00375-depth.png 1.20256 0.223593 -0.827061 0.855746 0.392374 -0.0938948 -0.323921
/13/00376-depth.png 1.1985 0.222701 -0.827699 0.855358 0.391279 -0.0948089 -0.325999
/13/00377-depth.png 1.19305 0.228923 -0.825871 0.854312 0.391111 -0.0976911 -0.328085
/13/00378-depth.png 1.19198 0.230641 -0.82631 0.854161 0.391941 -0.0977163 -0.32748
/13/00379-depth.png 1.18968 0.233742 -0.825651 0.854015 0.39283 -0.0977143 -0.326794
/13/00380-depth.png 1.18393 0.240007 -0.827006 0.8547 0.391957 -0.0975528 -0.3261
/13/00381-depth.png 1.18266 0.236923 -0.82449 0.853615 0.390764 -0.101103 -0.329276
/13/00382-depth.png 1.18092 0.238641 -0.823826 0.852316 0.392434 -0.100646 -0.330792
/13/00383-depth.png 1.17699 0.238378 -0.827192 0.851977 0.392613 -0.0993318 -0.331849
/13/00384-depth.png 1.17257 0.241941 -0.828953 0.85051 0.395679 -0.0973533 -0.332554
/13/00385-depth.png 1.17432 0.242079 -0.824973 0.849893 0.39759 -0.099125 -0.331327
/13/00386-depth.png 1.16034 0.249796 -0.825068 0.847492 0.400984 -0.102192 -0.332454
/13/00387-depth.png 1.21539 0.217984 -0.837314 0.847858 0.395256 -0.135496 -0.326422
/13/00388-depth.png 1.17896 0.238047 -0.835178 0.846711 0.40146 -0.119408 -0.328104
/13/00389-depth.png 1.14473 0.263375 -0.81933 0.8476 0.405945 -0.107218 -0.32448
/13/00390-depth.png 1.1774 0.233139 -0.841416 0.848671 0.396222 -0.12739 -0.3264
/13/00391-depth.png 1.1307 0.268348 -0.891874 0.847352 0.40442 -0.0954569 -0.330646
/13/00392-depth.png 1.13471 0.278697 -0.82181 0.842209 0.423272 -0.104155 -0.317296
/13/00393-depth.png 1.12293 0.28431 -0.829845 0.846706 0.419612 -0.100309 -0.311374
/13/00394-depth.png 1.123 0.288638 -0.827684 0.847739 0.420216 -0.101566 -0.307315
/13/00395-depth.png 1.12148 0.289323 -0.829144 0.852714 0.417065 -0.101612 -0.297676
/13/00396-depth.png 1.1182 0.293031 -0.83196 0.855024 0.417724 -0.0999926 -0.290588
/13/00397-depth.png 1.11737 0.295705 -0.829298 0.855757 0.418737 -0.0990525 -0.287278
/13/00398-depth.png 1.11147 0.2972 -0.830802 0.861333 0.415721 -0.0929657 -0.276836
/13/00399-depth.png 1.11011 0.297606 -0.831428 0.862737 0.415069 -0.0908302 -0.274139
/13/00400-depth.png 1.10332 0.30008 -0.834114 0.865617 0.413163 -0.0861604 -0.269407
/13/00401-depth.png 1.10332 0.30008 -0.834114 0.865617 0.413163 -0.0861604 -0.269407
/13/00402-depth.png 1.09774 0.302517 -0.837046 0.867398 0.412404 -0.0846822 -0.265278
/13/00403-depth.png 1.09416 0.304403 -0.836308 0.869739 0.412866 -0.0792606 -0.258484
/13/00404-depth.png 1.09303 0.308416 -0.835079 0.86984 0.415368 -0.076523 -0.254935
/13/00405-depth.png 1.08739 0.312359 -0.841501 0.871056 0.414415 -0.0727534 -0.253435
/13/00406-depth.png 1.08593 0.311178 -0.839837 0.870973 0.415279 -0.0724565 -0.252389
/13/00407-depth.png 1.07453 0.319388 -0.84723 0.872599 0.417009 -0.0618384 -0.246679
/13/00408-depth.png 1.06227 0.323471 -0.843858 0.873864 0.414359 -0.0620864 -0.246603
/13/00409-depth.png 1.0579 0.324529 -0.844702 0.874049 0.414507 -0.0617931 -0.245771
/13/00410-depth.png 1.05368 0.329416 -0.843177 0.87354 0.416354 -0.0609918 -0.244657
/13/00411-depth.png 1.04363 0.340138 -0.845952 0.87378 0.417492 -0.0578603 -0.242614
/13/00412-depth.png 1.01942 0.362695 -0.846111 0.874567 0.421105 -0.0517274 -0.234792
/13/00413-depth.png 1.01128 0.372915 -0.846713 0.87466 0.422055 -0.0499307 -0.233123
/13/00414-depth.png 1.00102 0.380022 -0.843625 0.876134 0.420181 -0.0515959 -0.230595
/13/00415-depth.png 0.995236 0.383531 -0.842743 0.877155 0.419401 -0.0513541 -0.228176
/13/00416-depth.png 0.984022 0.395817 -0.840869 0.87769 0.419325 -0.0493074 -0.226706
/13/00417-depth.png 0.977138 0.395422 -0.839453 0.879089 0.417126 -0.0487664 -0.225455
/13/00418-depth.png 0.955273 0.413454 -0.842223 0.881026 0.416658 -0.0454858 -0.219362
/13/00419-depth.png 0.949267 0.417836 -0.841098 0.882501 0.415532 -0.045354 -0.215562
/13/00420-depth.png 0.949267 0.417836 -0.841098 0.882501 0.415532 -0.045354 -0.215562
/13/00421-depth.png 0.941699 0.423162 -0.843356 0.884068 0.414294 -0.0409872 -0.212376
/13/00422-depth.png 0.93467 0.429828 -0.844783 0.885372 0.414114 -0.0370884 -0.20797
/13/00423-depth.png 0.931742 0.430582 -0.847209 0.886485 0.41309 -0.0360506 -0.205429
/13/00424-depth.png 0.926982 0.434401 -0.849492 0.886997 0.41326 -0.0343911 -0.20315
/13/00425-depth.png 0.926982 0.434401 -0.849492 0.886997 0.41326 -0.0343911 -0.20315
/13/00426-depth.png 0.944342 0.415336 -0.932845 0.901331 0.384306 -0.0513462 -0.193065
/13/00427-depth.png 0.888716 0.470469 -0.849367 0.887783 0.41736 -0.0304257 -0.191644
/13/00428-depth.png 0.888716 0.470469 -0.849367 0.887783 0.41736 -0.0304257 -0.191644
/13/00429-depth.png 0.885195 0.476111 -0.845347 0.888344 0.416893 -0.0304422 -0.190047
/13/00430-depth.png 0.871736 0.483657 -0.845327 0.890375 0.413219 -0.0266905 -0.189131
/13/00431-depth.png 0.862091 0.48575 -0.845478 0.891919 0.409815 -0.0274011 -0.189161
/13/00432-depth.png 0.860891 0.485507 -0.842823 0.892136 0.409654 -0.0294036 -0.188181
/13/00433-depth.png 0.853922 0.491474 -0.84102 0.892442 0.409979 -0.028312 -0.186179
/13/00434-depth.png 0.851401 0.491845 -0.840217 0.892848 0.409408 -0.0291911 -0.185351
/13/00435-depth.png 0.848518 0.493472 -0.839836 0.892957 0.40924 -0.0294245 -0.185163
/13/00436-depth.png 0.842407 0.499469 -0.83878 0.892563 0.412135 -0.0259269 -0.181119
/13/00437-depth.png 0.831398 0.505536 -0.837804 0.894111 0.409937 -0.0246965 -0.178627
/13/00438-depth.png 0.833406 0.503538 -0.834878 0.89451 0.409204 -0.0266082 -0.178033
/13/00439-depth.png 0.829459 0.507887 -0.83528 0.894773 0.410119 -0.0218828 -0.175227
/13/00440-depth.png 0.827043 0.511999 -0.832809 0.894972 0.41018 -0.0185904 -0.174449
/13/00441-depth.png 0.820831 0.515837 -0.833042 0.895938 0.408967 -0.0152938 -0.172651
/13/00442-depth.png 0.817015 0.517611 -0.834047 0.897906 0.405997 -0.0112772 -0.169717
/13/00443-depth.png 0.817015 0.517611 -0.834047 0.897906 0.405997 -0.0112772 -0.169717
/13/00444-depth.png 0.812099 0.516644 -0.83246 0.899278 0.404502 -0.0116617 -0.165952
/13/00445-depth.png 0.81267 0.516772 -0.831922 0.899003 0.404989 -0.0112314 -0.16629
/13/00446-depth.png 0.812258 0.515616 -0.831489 0.899359 0.405122 -0.0102966 -0.164081
/13/00447-depth.png 0.688451 0.582487 -0.879927 0.905704 0.404774 0.047939 -0.116453
/13/00448-depth.png 0.808076 0.514419 -0.829062 0.899372 0.405839 -0.0100431 -0.162245
/13/00449-depth.png 0.804841 0.509378 -0.830635 0.901331 0.402826 -0.00720392 -0.159001
/13/00450-depth.png 0.802287 0.511606 -0.827474 0.900902 0.404452 -0.00667413 -0.157321
/13/00451-depth.png 0.800451 0.510377 -0.828082 0.900907 0.404016 -0.00544811 -0.158453
/13/00452-depth.png 0.799129 0.508494 -0.828871 0.90133 0.403816 -0.00504373 -0.15656
/13/00453-depth.png 0.794221 0.508897 -0.828545 0.900838 0.405893 -0.00236395 -0.154067
/13/00454-depth.png 0.790395 0.510111 -0.825282 0.900609 0.407121 -0.0023128 -0.152153
/13/00455-depth.png 0.77973 0.51105 -0.824389 0.900904 0.408694 -0.00260167 -0.146063
/13/00456-depth.png 0.776823 0.513226 -0.822155 0.900513 0.409932 -0.00351967 -0.14498
/13/00457-depth.png 0.758818 0.519902 -0.824086 0.897929 0.417421 -0.00662891 -0.139426
/13/00458-depth.png 0.754198 0.521547 -0.82435 0.897305 0.419072 -0.00620935 -0.138508
/13/00459-depth.png 0.74831 0.523553 -0.826173 0.897376 0.419325 -0.00635995 -0.137266
/13/00460-depth.png 0.737906 0.52674 -0.828624 0.896649 0.421041 -0.00837182 -0.136654
/13/00461-depth.png 0.727688 0.534235 -0.827285 0.894438 0.425831 -0.00645994 -0.136405
/13/00462-depth.png 0.719253 0.536832 -0.828392 0.89478 0.425563 -0.00558296 -0.135029
/13/00463-depth.png 0.696972 0.539338 -0.83248 0.895887 0.421535 -0.00357989 -0.140295
/13/00464-depth.png 0.698904 0.539427 -0.826413 0.895375 0.421779 -0.00724502 -0.142668
/13/00465-depth.png 0.688787 0.54309 -0.825566 0.894347 0.423191 -0.00595767 -0.144975
/13/00466-depth.png 0.664342 0.544537 -0.829314 0.895893 0.41999 -0.00485596 -0.144775
/13/00467-depth.png 0.661339 0.548387 -0.825346 0.895233 0.421335 -0.00757175 -0.144835
/13/00468-depth.png 0.654154 0.551666 -0.823374 0.895469 0.420951 -0.00736384 -0.144502
/13/00469-depth.png 0.624218 0.561627 -0.821913 0.896487 0.41813 -0.00212504 -0.146538
/13/00470-depth.png 0.615708 0.559042 -0.822938 0.897946 0.415331 -0.00374102 -0.145531
/13/00471-depth.png 0.610414 0.562714 -0.82096 0.897724 0.416355 -0.00611561 -0.143884
/13/00472-depth.png 0.601688 0.566829 -0.821465 0.898224 0.415661 -0.00348271 -0.142851
/13/00473-depth.png 0.597546 0.567893 -0.821003 0.898388 0.41571 -0.00358803 -0.141674
/13/00474-depth.png 0.590722 0.574546 -0.819559 0.898166 0.417067 -0.0040114 -0.139056
/13/00475-depth.png 0.584495 0.576522 -0.818507 0.898718 0.41613 -0.0051536 -0.138257
/13/00476-depth.png 0.575957 0.577954 -0.818023 0.899103 0.414392 -0.00748975 -0.140844
/13/00477-depth.png 0.574255 0.579563 -0.817778 0.899393 0.414268 -0.00898419 -0.139259
/13/00478-depth.png 0.574255 0.579563 -0.817778 0.899393 0.414268 -0.00898419 -0.139259
/13/00479-depth.png 0.560716 0.580152 -0.820494 0.901364 0.409245 -0.00676232 -0.141479
/13/00480-depth.png 0.563725 0.586994 -0.81484 0.900413 0.409582 -0.0139767 -0.145954
/13/00481-depth.png 0.573101 0.583501 -0.817093 0.900588 0.408356 -0.0146469 -0.148228
/13/00482-depth.png 0.577664 0.585387 -0.818153 0.900395 0.409142 -0.0135519 -0.147335
/13/00483-depth.png 0.577664 0.585387 -0.818153 0.900395 0.409142 -0.0135519 -0.147335
/13/00484-depth.png 0.563755 0.586943 -0.836542 0.900316 0.40925 -0.0062223 -0.14801
/13/00485-depth.png 0.563755 0.586943 -0.836542 0.900316 0.40925 -0.0062223 -0.14801
/13/00486-depth.png 0.551298 0.595194 -0.843766 0.896506 0.417804 -0.00113629 -0.147363
/13/00487-depth.png 0.544053 0.594912 -0.846479 0.896344 0.417874 6.93354e-005 -0.148152
/13/00488-depth.png 0.537593 0.59499 -0.853782 0.89639 0.417733 0.00159895 -0.148263
/13/00489-depth.png 0.537094 0.596029 -0.852832 0.896032 0.41902 0.00154825 -0.14679
/13/00490-depth.png 0.525109 0.60249 -0.849854 0.8954 0.421285 0.0046019 -0.144069
/13/00491-depth.png 0.514482 0.603893 -0.849474 0.896909 0.420578 0.00359414 -0.136589
/13/00492-depth.png 0.514482 0.603893 -0.849474 0.896909 0.420578 0.00359414 -0.136589
/13/00493-depth.png 0.492599 0.6055 -0.849061 0.898118 0.420829 0.00906237 -0.127297
/13/00494-depth.png 0.484073 0.605833 -0.852052 0.899205 0.418833 0.0107505 -0.126071
/13/00495-depth.png 0.470159 0.606538 -0.850202 0.900371 0.41656 0.0097593 -0.125356
/13/00496-depth.png 0.468561 0.60797 -0.847007 0.901042 0.415819 0.00851244 -0.123065
/13/00497-depth.png 0.455755 0.606727 -0.849013 0.903557 0.411072 0.0116637 -0.120281
/13/00498-depth.png 0.443441 0.607543 -0.848011 0.903979 0.412074 0.0129684 -0.113349
/13/00499-depth.png 0.435261 0.603651 -0.854633 0.904959 0.411013 0.016144 -0.10889
/13/00500-depth.png 0.435261 0.603651 -0.854633 0.904959 0.411013 0.016144 -0.10889
/13/00501-depth.png 0.435261 0.603651 -0.854633 0.904959 0.411013 0.016144 -0.10889
/13/00502-depth.png 0.428168 0.615006 -0.865421 0.904527 0.414658 0.0174725 -0.0979031
/13/00503-depth.png 0.419845 0.617681 -0.868489 0.905342 0.414182 0.0180743 -0.0921022
/13/00504-depth.png 0.419845 0.617681 -0.868489 0.905342 0.414182 0.0180743 -0.0921022
/13/00505-depth.png 0.401871 0.624658 -0.877345 0.905666 0.415627 0.0190526 -0.0816104
/13/00506-depth.png 0.400548 0.632878 -0.874354 0.902851 0.422738 0.0165521 -0.0766743
/13/00507-depth.png 0.400548 0.632878 -0.874354 0.902851 0.422738 0.0165521 -0.0766743
/13/00508-depth.png 0.394407 0.640935 -0.8744 0.899976 0.429556 0.0133077 -0.0731282
/13/00509-depth.png 0.371865 0.640891 -0.881785 0.899883 0.430097 0.0157786 -0.0705539
/13/00510-depth.png 0.361428 0.642573 -0.881649 0.899455 0.431064 0.0145459 -0.0703776
/13/00511-depth.png 0.344031 0.641907 -0.885076 0.900483 0.429331 0.0149827 -0.067677
/13/00512-depth.png 0.343494 0.643164 -0.884908 0.900405 0.429225 0.0122791 -0.069901
/13/00513-depth.png 0.341623 0.642789 -0.883788 0.900704 0.428398 0.00943667 -0.0715504
/13/00514-depth.png 0.334975 0.644528 -0.878357 0.900922 0.427917 0.00758979 -0.071896
/13/00515-depth.png 0.330394 0.643141 -0.878278 0.901076 0.427325 0.00862574 -0.0733537
/13/00516-depth.png 0.315079 0.641404 -0.880365 0.901916 0.425542 0.0120031 -0.0729191
/13/00517-depth.png 0.299459 0.644672 -0.8768 0.902756 0.423772 0.016333 -0.0719788
/13/00518-depth.png 0.296137 0.644906 -0.874109 0.902997 0.423281 0.0168351 -0.0717358
/13/00519-depth.png 0.284871 0.645677 -0.87712 0.904381 0.420379 0.0217737 -0.0700231
/13/00520-depth.png 0.28095 0.646237 -0.877789 0.904593 0.42008 0.0230659 -0.0686434
/13/00521-depth.png 0.282999 0.648484 -0.872053 0.903877 0.421808 0.023848 -0.0672018
/13/00522-depth.png 0.275074 0.648421 -0.8754 0.904856 0.420244 0.0279419 -0.0620512
/13/00523-depth.png 0.266162 0.648623 -0.876597 0.905447 0.418981 0.031425 -0.0602712
/13/00524-depth.png 0.257573 0.648073 -0.875799 0.905676 0.418372 0.0347757 -0.059218
/13/00525-depth.png 0.250426 0.649838 -0.873873 0.905666 0.418311 0.0341224 -0.0601699
/13/00526-depth.png 0.246524 0.645393 -0.872098 0.906722 0.415931 0.0323523 -0.0617217
/13/00527-depth.png 0.24214 0.644491 -0.871465 0.906964 0.415391 0.0329846 -0.0614751
/13/00528-depth.png 0.236464 0.64405 -0.871898 0.908129 0.412828 0.0338802 -0.0610487
/13/00529-depth.png 0.23857 0.643195 -0.867438 0.907562 0.414195 0.0299082 -0.0622822
/13/00530-depth.png 0.239074 0.642869 -0.870485 0.90815 0.412839 0.0308488 -0.0622484
/13/00531-depth.png 0.23856 0.644528 -0.866333 0.907457 0.414343 0.0318732 -0.0618462
/13/00532-depth.png 0.241898 0.645517 -0.865628 0.90851 0.412144 0.0318751 -0.0610817
/13/00533-depth.png 0.237752 0.643781 -0.863565 0.908669 0.411852 0.0333453 -0.0598837
/13/00534-depth.png 0.23519 0.640555 -0.863371 0.910191 0.40897 0.0344412 -0.0557611
/13/00535-depth.png 0.238179 0.639088 -0.860663 0.910148 0.409302 0.0339645 -0.0542979
/13/00536-depth.png 0.234121 0.640857 -0.858286 0.910447 0.408674 0.0380811 -0.0512094
/13/00537-depth.png 0.240023 0.640777 -0.853613 0.910441 0.408902 0.0367542 -0.0504511
/13/00538-depth.png 0.231852 0.638655 -0.851839 0.911374 0.407091 0.0413423 -0.0443269
/13/00539-depth.png 0.231235 0.637832 -0.853627 0.911835 0.406598 0.0417454 -0.0386256
/13/00540-depth.png 0.221572 0.638439 -0.846135 0.911397 0.408479 0.0407301 -0.0290079
/13/00541-depth.png 0.217629 0.636818 -0.846287 0.911905 0.407537 0.0398278 -0.0275082
/13/00542-depth.png 0.20545 0.636686 -0.832571 0.912306 0.407186 0.0372508 -0.0225612
/13/00543-depth.png 0.198245 0.632262 -0.831603 0.914852 0.401373 0.0380233 -0.0223666
/13/00544-depth.png 0.198245 0.632262 -0.831603 0.914852 0.401373 0.0380233 -0.0223666
/13/00545-depth.png 0.198245 0.632262 -0.831603 0.914852 0.401373 0.0380233 -0.0223666
/13/00546-depth.png 0.181288 0.636004 -0.833067 0.910424 0.410747 0.0454946 -0.0185838
/13/00547-depth.png 0.178594 0.643688 -0.836477 0.910497 0.411431 0.0336801 -0.024211
/13/00548-depth.png 0.160788 0.631601 -0.840263 0.911498 0.408789 0.0370884 -0.0262272
/13/00549-depth.png 0.156687 0.634677 -0.837106 0.909513 0.413409 0.0366725 -0.0231089
/13/00550-depth.png 0.143369 0.636236 -0.837012 0.909194 0.41422 0.0355057 -0.0229631
/13/00551-depth.png 0.14258 0.636859 -0.837026 0.908696 0.415309 0.0344706 -0.024542
/13/00552-depth.png 0.134145 0.634806 -0.84055 0.908444 0.415835 0.036078 -0.0225774
/13/00553-depth.png 0.142174 0.646758 -0.829905 0.904937 0.423501 0.0280406 -0.0308218
/13/00554-depth.png 0.110542 0.635924 -0.844355 0.906095 0.420591 0.0359641 -0.0283196
/13/00555-depth.png 0.105591 0.6364 -0.844386 0.905668 0.421271 0.0386075 -0.028365
/13/00556-depth.png 0.101781 0.633135 -0.845624 0.905979 0.420442 0.0387528 -0.0304734
/13/00557-depth.png 0.0963953 0.632449 -0.847717 0.905967 0.420136 0.0373857 -0.036219
/13/00558-depth.png 0.0999542 0.643992 -0.845918 0.902141 0.428561 0.0353519 -0.0350335
/13/00559-depth.png 0.103312 0.640946 -0.848013 0.901862 0.429233 0.035888 -0.0333997
/13/00560-depth.png 0.0764549 0.63881 -0.85404 0.902746 0.42641 0.0489551 -0.0287522
/13/00561-depth.png 0.0737679 0.637234 -0.85369 0.902753 0.426512 0.0484565 -0.0278464
/13/00562-depth.png 0.0701471 0.639491 -0.85479 0.902309 0.427449 0.0497854 -0.0254618
/13/00563-depth.png 0.065006 0.642306 -0.84926 0.901428 0.428984 0.0531537 -0.0239727
/13/00564-depth.png 0.065006 0.642306 -0.84926 0.901428 0.428984 0.0531537 -0.0239727
/13/00565-depth.png 0.065006 0.642306 -0.84926 0.901428 0.428984 0.0531537 -0.0239727
/13/00566-depth.png 0.0540298 0.6454 -0.851011 0.903323 0.424878 0.0558349 -0.0191816
/13/00567-depth.png 0.0509511 0.648697 -0.847998 0.903182 0.425015 0.0578684 -0.0166243
/13/00568-depth.png 0.0465879 0.653066 -0.851232 0.904444 0.422171 0.0604587 -0.00990373
/13/00569-depth.png 0.0349522 0.672798 -0.853258 0.905586 0.418391 0.0696748 0.00291444
/13/00570-depth.png 0.0338797 0.670295 -0.84157 0.90622 0.417302 0.0673321 0.00954611
/13/00571-depth.png 0.0338797 0.670295 -0.84157 0.90622 0.417302 0.0673321 0.00954611
/13/00572-depth.png 0.0187702 0.677527 -0.846198 0.90716 0.414083 0.0730389 0.0161621
/13/00573-depth.png 0.0134889 0.681958 -0.847434 0.906654 0.414135 0.0776661 0.020924
/13/00574-depth.png 0.00436181 0.687094 -0.85165 0.907117 0.41184 0.0828454 0.0257431
/13/00575-depth.png -0.00105223 0.687858 -0.850129 0.906615 0.412342 0.085305 0.027306
/13/00576-depth.png -0.00526206 0.694468 -0.851837 0.905719 0.412876 0.0907729 0.0310988
/13/00577-depth.png -0.0111022 0.701004 -0.855939 0.905771 0.412253 0.092363 0.0330928
/13/00578-depth.png -0.0191698 0.705168 -0.854909 0.905036 0.413286 0.0944175 0.0344991
/13/00579-depth.png -0.0292497 0.709904 -0.856049 0.903818 0.414773 0.098457 0.0371719
/13/00580-depth.png -0.0292497 0.709904 -0.856049 0.903818 0.414773 0.098457 0.0371719
/13/00581-depth.png -0.0339529 0.714643 -0.855753 0.903051 0.417084 0.0959723 0.0364734
/13/00582-depth.png -0.0406685 0.714292 -0.855334 0.903014 0.417007 0.0965771 0.0366579
/13/00583-depth.png -0.0499577 0.719223 -0.857564 0.902035 0.418788 0.0978052 0.0372031
/13/00584-depth.png -0.0568107 0.724621 -0.85625 0.901772 0.419947 0.0956081 0.0362165
/13/00585-depth.png -0.0587315 0.723252 -0.853348 0.901923 0.41955 0.0961082 0.0357301
/13/00586-depth.png -0.0692323 0.722491 -0.854669 0.901938 0.41891 0.0989939 0.0349505
/13/00587-depth.png -0.0713025 0.725686 -0.853996 0.90114 0.42066 0.0991206 0.0341458
/13/00588-depth.png -0.0764056 0.729039 -0.851497 0.900961 0.4213 0.0984464 0.0329326
/13/00589-depth.png -0.0820098 0.729196 -0.849902 0.901621 0.419822 0.099311 0.0310922
/13/00590-depth.png -0.089001 0.730198 -0.852664 0.901845 0.418753 0.101432 0.0321434
/13/00591-depth.png -0.0965234 0.734673 -0.849293 0.900524 0.422069 0.0994288 0.0320575
/13/00592-depth.png -0.105615 0.733007 -0.845543 0.90022 0.422291 0.101155 0.0322692
/13/00593-depth.png -0.115857 0.734564 -0.8404 0.900276 0.422373 0.100262 0.0324237
/13/00594-depth.png -0.118109 0.737718 -0.843483 0.902969 0.417448 0.0968887 0.0315664
/13/00595-depth.png -0.123038 0.738202 -0.848054 0.902429 0.416617 0.104757 0.0328237
/13/00596-depth.png -0.129586 0.745649 -0.84672 0.900225 0.419643 0.110753 0.0350591
/13/00597-depth.png -0.136805 0.74634 -0.851198 0.899421 0.419826 0.116052 0.0363267
/13/00598-depth.png -0.13434 0.761314 -0.853638 0.895758 0.426942 0.116231 0.0427559
/13/00599-depth.png -0.143124 0.756677 -0.861671 0.895583 0.426399 0.119618 0.042512
/13/00600-depth.png -0.161737 0.760497 -0.859835 0.893566 0.428686 0.125266 0.04557
/13/00601-depth.png -0.163684 0.765238 -0.857577 0.891795 0.431988 0.124984 0.0496671
/13/00602-depth.png -0.1612 0.769847 -0.861036 0.892767 0.431704 0.119006 0.0493617
/13/00603-depth.png -0.168027 0.770221 -0.859989 0.892589 0.432869 0.114958 0.0519107
/13/00604-depth.png -0.168027 0.770221 -0.859989 0.892589 0.432869 0.114958 0.0519107
/13/00605-depth.png -0.148667 0.803381 -0.852619 0.884828 0.448343 0.112718 0.0579946
/13/00606-depth.png -0.171379 0.778549 -0.867547 0.888636 0.437294 0.123826 0.0613782
/13/00607-depth.png -0.171379 0.778549 -0.867547 0.888636 0.437294 0.123826 0.0613782
/13/00608-depth.png -0.151851 0.804759 -0.859911 0.882769 0.450904 0.116255 0.0623561
/13/00609-depth.png -0.167802 0.779091 -0.877046 0.886728 0.440457 0.124777 0.0643565
/13/00610-depth.png -0.176688 0.784752 -0.875195 0.884052 0.443369 0.131709 0.0672941
/13/00611-depth.png -0.188623 0.783817 -0.875383 0.882877 0.443902 0.139041 0.0644009
/13/00612-depth.png -0.189255 0.785591 -0.870492 0.88321 0.44479 0.134063 0.0642559
/13/00613-depth.png -0.186357 0.783934 -0.870216 0.884501 0.442694 0.13362 0.0618492
/13/00614-depth.png -0.191275 0.780968 -0.863603 0.884227 0.441467 0.137708 0.0654752
/13/00615-depth.png -0.184095 0.782016 -0.867886 0.88555 0.438648 0.137048 0.0678707
/13/00616-depth.png -0.186368 0.781377 -0.862817 0.885148 0.437888 0.140187 0.0715205
/13/00617-depth.png -0.186536 0.782981 -0.863006 0.884722 0.43817 0.140867 0.0736939
/13/00618-depth.png -0.183485 0.785153 -0.865809 0.884582 0.437067 0.143468 0.0768344
/13/00619-depth.png -0.16984 0.798351 -0.862707 0.883566 0.439958 0.140479 0.0775557
/13/00620-depth.png -0.186228 0.785615 -0.855931 0.885807 0.432316 0.148419 0.08013
/13/00621-depth.png -0.185418 0.784646 -0.855576 0.88696 0.430117 0.14591 0.0837389
/13/00622-depth.png -0.185418 0.784646 -0.855576 0.88696 0.430117 0.14591 0.0837389
/13/00623-depth.png -0.188884 0.781083 -0.854149 0.888498 0.425835 0.148867 0.0841048
