/11/00000-depth.png -0.367987 0.555139 -0.642643 0.942685 0.227171 0.24134 -0.0386459
/11/00001-depth.png -0.367987 0.555139 -0.642643 0.942685 0.227171 0.24134 -0.0386459
/11/00002-depth.png -0.370176 0.521141 -0.691993 0.943071 0.232098 0.233064 -0.0492837
/11/00003-depth.png -0.379436 0.516953 -0.696137 0.943021 0.232721 0.233767 -0.0436559
/11/00004-depth.png -0.374038 0.538116 -0.685543 0.94051 0.250281 0.224974 -0.0467644
/11/00005-depth.png -0.361084 0.538476 -0.69009 0.9418 0.252209 0.215951 -0.0526141
/11/00006-depth.png -0.354184 0.541892 -0.68998 0.941535 0.257769 0.209905 -0.0548322
/11/00007-depth.png -0.408598 0.57249 -0.725578 0.934083 0.259854 0.240396 -0.0466393
/11/00008-depth.png -0.364866 0.541852 -0.691299 0.937596 0.267721 0.213793 -0.0594343
/11/00009-depth.png -0.420327 0.585321 -0.71565 0.926843 0.278345 0.247286 -0.0483303
/11/00010-depth.png -0.380142 0.55462 -0.68263 0.927273 0.295283 0.221466 -0.0626592
/11/00011-depth.png -0.365584 0.524057 -0.704401 0.933745 0.279418 0.212587 -0.0696648
/11/00012-depth.png -0.366523 0.523389 -0.704679 0.933063 0.281107 0.213177 -0.0701924
/11/00013-depth.png -0.365712 0.527486 -0.707637 0.932102 0.284868 0.211821 -0.0718816
/11/00014-depth.png -0.370377 0.528255 -0.710749 0.929039 0.292133 0.21476 -0.073646
/11/00015-depth.png -0.36654 0.543273 -0.705295 0.925517 0.303872 0.213459 -0.0742677
/11/00016-depth.png -0.373108 0.529959 -0.710453 0.92597 0.299928 0.216266 -0.0764927
/11/00017-depth.png -0.377389 0.531949 -0.70963 0.924651 0.302804 0.218131 -0.0758215
/11/00018-depth.png -0.377389 0.531949 -0.70963 0.924651 0.302804 0.218131 -0.0758215
/11/00019-depth.png -0.389251 0.538263 -0.71157 0.922882 0.306231 0.221194 -0.0747307
/11/00020-depth.png -0.386331 0.540798 -0.713637 0.923351 0.306003 0.219332 -0.0753543
/11/00021-depth.png -0.390075 0.538632 -0.713817 0.924007 0.303086 0.221081 -0.0739859
/11/00022-depth.png -0.390948 0.538719 -0.71334 0.923909 0.303667 0.220496 -0.0745642
/11/00023-depth.png -0.394158 0.538682 -0.70948 0.924703 0.301243 0.22108 -0.0728143
/11/00024-depth.png -0.39348 0.537752 -0.710533 0.925463 0.29961 0.220186 -0.0725999
/11/00025-depth.png -0.397223 0.535585 -0.710101 0.926017 0.296775 0.222093 -0.0713567
/11/00026-depth.png -0.4028 0.532725 -0.707117 0.925809 0.295919 0.224524 -0.0699929
/11/00027-depth.png -0.407551 0.531361 -0.707061 0.925911 0.294547 0.226107 -0.0693227
/11/00028-depth.png -0.40905 0.530216 -0.706197 0.92601 0.2941 0.226497 -0.0686339
/11/00029-depth.png -0.408311 0.531163 -0.706988 0.92636 0.294103 0.22498 -0.0688776
/11/00030-depth.png -0.408285 0.529002 -0.705407 0.926922 0.293009 0.224074 -0.0689452
/11/00031-depth.png -0.416137 0.518838 -0.70669 0.928259 0.286956 0.225418 -0.0719599
/11/00032-depth.png -0.4192 0.509274 -0.7061 0.929194 0.283991 0.224977 -0.0730265
/11/00033-depth.png -0.419424 0.503945 -0.704657 0.930198 0.281264 0.224314 -0.0728389
/11/00034-depth.png -0.421912 0.498108 -0.702958 0.930991 0.278525 0.224638 -0.0722333
/11/00035-depth.png -0.418721 0.476613 -0.701824 0.933799 0.27383 0.217488 -0.075729
/11/00036-depth.png -0.416281 0.463382 -0.70018 0.93489 0.271853 0.215061 -0.0763203
/11/00037-depth.png -0.41662 0.485506 -0.678773 0.925675 0.297615 0.22249 -0.0710588
/11/00038-depth.png -0.403512 0.42977 -0.709167 0.93443 0.269962 0.218927 -0.0776619
/11/00039-depth.png -0.395951 0.412877 -0.709879 0.933249 0.273861 0.220377 -0.0740328
/11/00040-depth.png -0.397196 0.408403 -0.710358 0.933072 0.27449 0.220299 -0.0741619
/11/00041-depth.png -0.383436 0.391013 -0.715985 0.934805 0.273499 0.21418 -0.0739281
/11/00042-depth.png -0.378315 0.378233 -0.716136 0.935258 0.273671 0.212463 -0.0725017
/11/00043-depth.png -0.378315 0.378233 -0.716136 0.935258 0.273671 0.212463 -0.0725017
/11/00044-depth.png -0.367885 0.358023 -0.718471 0.936491 0.273745 0.207542 -0.0705241
/11/00045-depth.png -0.366958 0.353772 -0.716122 0.936708 0.273702 0.207134 -0.0690012
/11/00046-depth.png -0.358398 0.340836 -0.716224 0.93836 0.270897 0.203537 -0.0683277
/11/00047-depth.png -0.348846 0.327906 -0.717703 0.939948 0.269126 0.198776 -0.0675013
/11/00048-depth.png -0.340791 0.314177 -0.718092 0.941297 0.2658 0.197379 -0.0659626
/11/00049-depth.png -0.335288 0.308022 -0.720004 0.941693 0.26532 0.195763 -0.0670561
/11/00050-depth.png -0.331036 0.29687 -0.718793 0.941746 0.264392 0.196991 -0.0663783
/11/00051-depth.png -0.336718 0.296067 -0.682425 0.936088 0.273584 0.210878 -0.0664898
/11/00052-depth.png -0.323149 0.282287 -0.683996 0.935146 0.279096 0.20777 -0.0666298
/11/00053-depth.png -0.321148 0.277719 -0.685231 0.936088 0.277849 0.205097 -0.0668897
/11/00054-depth.png -0.317887 0.273678 -0.687476 0.937066 0.27605 0.202776 -0.067722
/11/00055-depth.png -0.314358 0.265487 -0.686921 0.937715 0.275001 0.201368 -0.0672007
/11/00056-depth.png -0.312704 0.244052 -0.688342 0.939793 0.268551 0.20028 -0.0675015
/11/00057-depth.png -0.312347 0.239097 -0.689123 0.940255 0.266907 0.200528 -0.0668605
/11/00058-depth.png -0.312054 0.234722 -0.688652 0.940395 0.265879 0.201484 -0.0661056
/11/00059-depth.png -0.311199 0.222256 -0.685397 0.940539 0.264299 0.203548 -0.0640284
/11/00060-depth.png -0.311567 0.216555 -0.683671 0.940936 0.263289 0.203359 -0.0629584
/11/00061-depth.png -0.312218 0.203261 -0.680034 0.942076 0.262201 0.200926 -0.0580663
/11/00062-depth.png -0.312407 0.193345 -0.677395 0.943862 0.259516 0.197112 -0.0540653
/11/00063-depth.png -0.313119 0.184063 -0.680551 0.945552 0.255183 0.195113 -0.0523868
/11/00064-depth.png -0.312647 0.177976 -0.681227 0.946272 0.253304 0.194418 -0.0510671
/11/00065-depth.png -0.312647 0.177976 -0.681227 0.946272 0.253304 0.194418 -0.0510671
/11/00066-depth.png -0.317945 0.149804 -0.675636 0.948236 0.251445 0.18959 -0.0409814
/11/00067-depth.png -0.318078 0.136449 -0.677429 0.949646 0.24882 0.186244 -0.0396664
/11/00068-depth.png -0.317755 0.131129 -0.679478 0.950378 0.246824 0.185297 -0.0390448
/11/00069-depth.png -0.320316 0.104863 -0.68215 0.9512 0.241208 0.188854 -0.0370343
/11/00070-depth.png -0.321586 0.0965543 -0.683228 0.950601 0.242141 0.190827 -0.0362001
/11/00071-depth.png -0.313501 0.0899101 -0.68964 0.951636 0.239772 0.188586 -0.0365158
/11/00072-depth.png -0.314327 0.0854749 -0.689434 0.951626 0.239127 0.189634 -0.0355667
/11/00073-depth.png -0.317458 0.079275 -0.689684 0.951262 0.238448 0.192866 -0.0323432
/11/00074-depth.png -0.316906 0.0735409 -0.69317 0.95114 0.236179 0.196897 -0.0279876
/11/00075-depth.png -0.315592 0.0710302 -0.695215 0.950892 0.235656 0.199008 -0.0258201
/11/00076-depth.png -0.315755 0.0643878 -0.698206 0.950345 0.23412 0.203926 -0.0211173
/11/00077-depth.png -0.314157 0.0616178 -0.70091 0.950534 0.23217 0.205462 -0.019168
/11/00078-depth.png -0.314237 0.0560666 -0.700177 0.950491 0.229394 0.208982 -0.0165065
/11/00079-depth.png -0.315362 0.0505891 -0.699435 0.950782 0.227139 0.210268 -0.0144714
/11/00080-depth.png -0.317059 0.0371345 -0.705924 0.950928 0.223695 0.213486 -0.0109856
/11/00081-depth.png -0.317538 0.0316749 -0.706383 0.950493 0.223251 0.215848 -0.0114973
/11/00082-depth.png -0.319033 0.0292717 -0.706073 0.950466 0.222839 0.216326 -0.0126734
/11/00083-depth.png -0.322771 0.019478 -0.703983 0.951948 0.218155 0.214335 -0.0162099
/11/00084-depth.png -0.32853 0.0147366 -0.700874 0.952815 0.215579 0.213001 -0.0172806
/11/00085-depth.png -0.333852 0.00682592 -0.702211 0.954081 0.210375 0.212574 -0.0168668
/11/00086-depth.png -0.333852 0.00682592 -0.702211 0.954081 0.210375 0.212574 -0.0168668
/11/00087-depth.png -0.337063 0.00222728 -0.705134 0.953786 0.208538 0.215929 -0.0133766
/11/00088-depth.png -0.339516 -0.00146064 -0.707825 0.953503 0.207204 0.218617 -0.0102818
/11/00089-depth.png -0.343204 -0.00338131 -0.709698 0.953125 0.20519 0.222272 -0.00669136
/11/00090-depth.png -0.343999 -0.00470585 -0.71013 0.953079 0.203884 0.223718 -0.0046962
/11/00091-depth.png -0.342227 -0.0112688 -0.716278 0.9541 0.198265 0.224451 -0.00223506
/11/00092-depth.png -0.345556 -0.0140831 -0.716606 0.953409 0.197176 0.228325 9.06819e-005
/11/00093-depth.png -0.346825 -0.0179243 -0.718294 0.953258 0.195059 0.230751 0.00231799
/11/00094-depth.png -0.348802 -0.0220066 -0.718659 0.9529 0.19451 0.23266 0.00400483
/11/00095-depth.png -0.350924 -0.0235836 -0.718409 0.952639 0.194414 0.233778 0.00544418
/11/00096-depth.png -0.350924 -0.0235836 -0.718409 0.952639 0.194414 0.233778 0.00544418
/11/00097-depth.png -0.364993 -0.0345888 -0.707546 0.950106 0.193635 0.244318 0.010569
/11/00098-depth.png -0.367162 -0.0363489 -0.705639 0.949893 0.193043 0.245576 0.0114162
/11/00099-depth.png -0.370409 -0.0399854 -0.70681 0.949781 0.192298 0.24661 0.0110059
/11/00100-depth.png -0.365534 -0.0545724 -0.726817 0.953785 0.181982 0.238999 0.00744864
/11/00101-depth.png -0.384295 -0.0737254 -0.732785 0.953732 0.171691 0.246701 0.00747011
/11/00102-depth.png -0.384433 -0.0552032 -0.71422 0.949679 0.184877 0.252704 0.00834656
/11/00103-depth.png -0.383736 -0.0674599 -0.710337 0.949821 0.180677 0.255125 0.0103117
/11/00104-depth.png -0.382539 -0.071362 -0.711305 0.949886 0.179393 0.255657 0.0131703
/11/00105-depth.png -0.384907 -0.0662195 -0.701579 0.949241 0.181683 0.256317 0.0153508
/11/00106-depth.png -0.384907 -0.0662195 -0.701579 0.949241 0.181683 0.256317 0.0153508
/11/00107-depth.png -0.381567 -0.0723125 -0.700638 0.951064 0.177501 0.252317 0.0175447
/11/00108-depth.png -0.372127 -0.0888025 -0.704959 0.954499 0.168256 0.245528 0.0183705
/11/00109-depth.png -0.373512 -0.0905319 -0.704378 0.954311 0.167608 0.246652 0.0189806
/11/00110-depth.png -0.366736 -0.094687 -0.708561 0.954593 0.16543 0.246857 0.0211188
/11/00111-depth.png -0.362804 -0.104522 -0.703035 0.954857 0.162632 0.247389 0.0244551
/11/00112-depth.png -0.35458 -0.112084 -0.7052 0.956361 0.160364 0.242966 0.0250077
/11/00113-depth.png -0.345543 -0.120391 -0.709554 0.957044 0.159511 0.241091 0.0223203
/11/00114-depth.png -0.342307 -0.130257 -0.709883 0.95754 0.156772 0.240838 0.0231705
/11/00115-depth.png -0.340662 -0.142397 -0.701127 0.957395 0.155514 0.241942 0.0259609
/11/00116-depth.png -0.335958 -0.148092 -0.699073 0.958595 0.155055 0.237578 0.0247157
/11/00117-depth.png -0.331066 -0.152761 -0.702348 0.960085 0.152398 0.233371 0.0234549
/11/00118-depth.png -0.331066 -0.152761 -0.702348 0.960085 0.152398 0.233371 0.0234549
/11/00119-depth.png -0.318777 -0.17614 -0.706558 0.963535 0.141998 0.225846 0.0207511
/11/00120-depth.png -0.320909 -0.173277 -0.702309 0.962372 0.145088 0.228824 0.0207167
/11/00121-depth.png -0.311685 -0.168345 -0.711908 0.96228 0.150285 0.226071 0.0180093
/11/00122-depth.png -0.298013 -0.152672 -0.738097 0.964149 0.157549 0.212418 0.0217509
/11/00123-depth.png -0.337702 -0.219962 -0.719853 0.960951 0.130768 0.242485 0.0259606
/11/00124-depth.png -0.317766 -0.210185 -0.726867 0.96259 0.137166 0.232191 0.0263146
/11/00125-depth.png -0.285826 -0.189551 -0.722459 0.963915 0.149845 0.218581 0.0252455
/11/00126-depth.png -0.264229 -0.193729 -0.722352 0.965665 0.143236 0.214316 0.0323118
/11/00127-depth.png -0.26403 -0.199423 -0.711394 0.96497 0.141051 0.218447 0.0349138
/11/00128-depth.png -0.258109 -0.199097 -0.711915 0.965067 0.141786 0.21732 0.036245
/11/00129-depth.png -0.24365 -0.19926 -0.712864 0.965885 0.140638 0.213618 0.0406658
/11/00130-depth.png -0.239311 -0.200305 -0.712214 0.966064 0.140336 0.212813 0.0416659
/11/00131-depth.png -0.233482 -0.211499 -0.703812 0.966541 0.136737 0.212137 0.0458248
/11/00132-depth.png -0.216817 -0.191439 -0.718123 0.968597 0.143618 0.198023 0.0444943
/11/00133-depth.png -0.212959 -0.191601 -0.720345 0.969104 0.142847 0.196106 0.044447
/11/00134-depth.png -0.212959 -0.191601 -0.720345 0.969104 0.142847 0.196106 0.044447
/11/00135-depth.png -0.1974 -0.183643 -0.7212 0.970523 0.143318 0.188946 0.0429498
/11/00136-depth.png -0.192818 -0.180168 -0.722474 0.970674 0.145226 0.186504 0.0437962
/11/00137-depth.png -0.190939 -0.179615 -0.721184 0.970711 0.145025 0.18619 0.0449582
/11/00138-depth.png -0.178211 -0.164579 -0.732718 0.972046 0.147279 0.177388 0.0443775
/11/00139-depth.png -0.186636 -0.178147 -0.713705 0.970944 0.14308 0.186061 0.0466633
/11/00140-depth.png -0.179219 -0.166615 -0.720673 0.971592 0.147849 0.17925 0.0449389
/11/00141-depth.png -0.173132 -0.158178 -0.723747 0.972372 0.148651 0.174429 0.0443771
/11/00142-depth.png -0.171435 -0.154766 -0.725009 0.972491 0.148106 0.174354 0.0439037
/11/00143-depth.png -0.162928 -0.134615 -0.727191 0.972617 0.152207 0.170697 0.0413648
/11/00144-depth.png -0.163697 -0.132081 -0.7216 0.972766 0.15277 0.169245 0.0417633
/11/00145-depth.png -0.154733 -0.119021 -0.730157 0.973783 0.155154 0.161403 0.0402881
/11/00146-depth.png -0.141093 -0.0981914 -0.735255 0.975451 0.155591 0.150514 0.0404107
/11/00147-depth.png -0.141093 -0.0981914 -0.735255 0.975451 0.155591 0.150514 0.0404107
/11/00148-depth.png -0.136667 -0.0866429 -0.733717 0.975637 0.15641 0.148103 0.0416522
/11/00149-depth.png -0.145123 -0.0919733 -0.72114 0.975018 0.153689 0.15356 0.0462434
/11/00150-depth.png -0.14092 -0.0807435 -0.725173 0.975279 0.155836 0.14931 0.0474644
/11/00151-depth.png -0.130904 -0.0656541 -0.728645 0.976034 0.154917 0.144961 0.0484205
/11/00152-depth.png -0.127897 -0.0334892 -0.726793 0.975268 0.160541 0.143518 0.0498236
/11/00153-depth.png -0.127778 -0.0199059 -0.722037 0.975703 0.159203 0.141777 0.0505629
/11/00154-depth.png -0.125524 -0.00935039 -0.720235 0.975856 0.160247 0.139662 0.0501948
/11/00155-depth.png -0.118706 0.000230581 -0.722559 0.977269 0.154355 0.137223 0.0478439
/11/00156-depth.png -0.117034 0.0271404 -0.723929 0.976596 0.155828 0.141224 0.0450941
/11/00157-depth.png -0.115695 0.0427073 -0.723701 0.976155 0.156634 0.143935 0.043247
/11/00158-depth.png -0.115695 0.0427073 -0.723701 0.976155 0.156634 0.143935 0.043247
/11/00159-depth.png -0.116419 0.0600419 -0.722487 0.975373 0.159735 0.145575 0.0440456
/11/00160-depth.png -0.115633 0.0735079 -0.721199 0.975561 0.160925 0.143805 0.0412883
/11/00161-depth.png -0.115805 0.0859591 -0.72509 0.975474 0.163204 0.142679 0.0381714
/11/00162-depth.png -0.115805 0.0859591 -0.72509 0.975474 0.163204 0.142679 0.0381714
/11/00163-depth.png -0.115805 0.0859591 -0.72509 0.975474 0.163204 0.142679 0.0381714
/11/00164-depth.png -0.115805 0.0859591 -0.72509 0.975474 0.163204 0.142679 0.0381714
/11/00165-depth.png -0.11612 0.113298 -0.732339 0.975192 0.166868 0.141797 0.0324055
/11/00166-depth.png -0.116668 0.124829 -0.730185 0.974321 0.16887 0.145575 0.0314505
/11/00167-depth.png -0.11844 0.129602 -0.729602 0.974023 0.169067 0.147375 0.0312328
/11/00168-depth.png -0.121588 0.144341 -0.728946 0.973212 0.170916 0.15097 0.0292255
/11/00169-depth.png -0.121562 0.146702 -0.729522 0.973034 0.17127 0.151803 0.0287729
/11/00170-depth.png -0.123402 0.15078 -0.731907 0.972497 0.171925 0.15483 0.0268166
/11/00171-depth.png -0.124495 0.158729 -0.732641 0.971284 0.176559 0.157421 0.025542
/11/00172-depth.png -0.125198 0.164299 -0.732585 0.970764 0.179518 0.157632 0.0233142
/11/00173-depth.png -0.12485 0.166767 -0.732452 0.970934 0.178634 0.157773 0.0220145
/11/00174-depth.png -0.123128 0.166185 -0.732221 0.970978 0.1786 0.15756 0.0218872
/11/00175-depth.png -0.122403 0.169388 -0.734069 0.970883 0.178982 0.157809 0.0211614
/11/00176-depth.png -0.12248 0.168922 -0.732884 0.970607 0.179182 0.159363 0.0204831
/11/00177-depth.png -0.121721 0.172444 -0.731871 0.970079 0.18125 0.16055 0.0178532
/11/00178-depth.png -0.122757 0.175228 -0.731646 0.969891 0.18214 0.160815 0.0165751
/11/00179-depth.png -0.123522 0.186209 -0.732192 0.969821 0.185124 0.158354 0.0100505
/11/00180-depth.png -0.123264 0.187101 -0.733843 0.970259 0.182633 0.158726 0.00695701
/11/00181-depth.png -0.123992 0.189232 -0.730616 0.969511 0.184903 0.160759 0.00389433
/11/00182-depth.png -0.121802 0.199317 -0.729549 0.969216 0.18577 0.161585 0.000182143
/11/00183-depth.png -0.122635 0.205501 -0.727125 0.969114 0.185725 0.162153 -0.00551295
/11/00184-depth.png -0.122045 0.21006 -0.725816 0.969142 0.186134 0.161417 -0.00791823
/11/00185-depth.png -0.119537 0.213284 -0.723954 0.969572 0.184143 0.160756 -0.0133881
/11/00186-depth.png -0.119697 0.2224 -0.721944 0.969163 0.185042 0.161865 -0.0167943
/11/00187-depth.png -0.114727 0.229047 -0.723718 0.969396 0.184843 0.16048 -0.018756
/11/00188-depth.png -0.112041 0.23663 -0.725225 0.9694 0.183399 0.161898 -0.020424
/11/00189-depth.png -0.11355 0.245895 -0.719255 0.968725 0.182336 0.166701 -0.0231744
/11/00190-depth.png -0.120875 0.244614 -0.704612 0.967326 0.182218 0.174696 -0.0236473
/11/00191-depth.png -0.110923 0.258089 -0.719437 0.968166 0.184031 0.167637 -0.0261817
/11/00192-depth.png -0.110923 0.258089 -0.719437 0.968166 0.184031 0.167637 -0.0261817
/11/00193-depth.png -0.107796 0.268024 -0.723344 0.968182 0.185853 0.165565 -0.0258995
/11/00194-depth.png -0.104469 0.27691 -0.727263 0.968768 0.185476 0.162471 -0.0262604
/11/00195-depth.png -0.108019 0.282228 -0.722949 0.968136 0.187207 0.164604 -0.0238939
/11/00196-depth.png -0.109295 0.286268 -0.721449 0.967725 0.189691 0.164493 -0.0216393
/11/00197-depth.png -0.108518 0.303308 -0.721759 0.967929 0.191361 0.161846 -0.017352
/11/00198-depth.png -0.112121 0.328495 -0.730022 0.967786 0.19286 0.161306 -0.0132865
/11/00199-depth.png -0.115405 0.338986 -0.732899 0.967541 0.192419 0.163327 -0.0127859
/11/00200-depth.png -0.115465 0.352097 -0.737206 0.967814 0.192104 0.161986 -0.013847
/11/00201-depth.png -0.125433 0.346715 -0.72361 0.967009 0.189665 0.169407 -0.0148812
/11/00202-depth.png -0.115545 0.365926 -0.745913 0.968455 0.190452 0.159844 -0.016544
/11/00203-depth.png -0.122347 0.360521 -0.753566 0.968867 0.182632 0.166168 -0.0181815
/11/00204-depth.png -0.128323 0.3716 -0.732065 0.96606 0.188047 0.176391 -0.015875
/11/00205-depth.png -0.137558 0.371836 -0.725506 0.965407 0.183475 0.184653 -0.015162
/11/00206-depth.png -0.137558 0.371836 -0.725506 0.965407 0.183475 0.184653 -0.015162
/11/00207-depth.png -0.134795 0.385611 -0.729299 0.965276 0.187646 0.181079 -0.015568
/11/00208-depth.png -0.160808 0.437693 -0.744111 0.960312 0.205988 0.187543 -0.0140736
/11/00209-depth.png -0.120141 0.402308 -0.744625 0.967894 0.189541 0.16325 -0.0245938
/11/00210-depth.png -0.12066 0.408569 -0.740509 0.968424 0.190834 0.157993 -0.0278443
/11/00211-depth.png -0.122914 0.408176 -0.741904 0.968476 0.189852 0.158559 -0.0295015
/11/00212-depth.png -0.121707 0.424138 -0.738565 0.965984 0.201779 0.159164 -0.0287594
/11/00213-depth.png -0.125568 0.413137 -0.744867 0.966265 0.197717 0.162894 -0.0265707
/11/00214-depth.png -0.123314 0.419519 -0.74464 0.965359 0.202507 0.162416 -0.0263277
/11/00215-depth.png -0.124193 0.419189 -0.746143 0.96523 0.202856 0.162658 -0.0268767
/11/00216-depth.png -0.123106 0.422251 -0.746998 0.965224 0.204156 0.161281 -0.0255102
/11/00217-depth.png -0.123668 0.423676 -0.746975 0.965214 0.204566 0.161079 -0.0238267
/11/00218-depth.png -0.120706 0.428844 -0.750937 0.964558 0.208265 0.160088 -0.0250135
/11/00219-depth.png -0.120429 0.429517 -0.750842 0.964229 0.209896 0.160001 -0.0246258
/11/00220-depth.png -0.118884 0.435216 -0.752943 0.963872 0.212498 0.158468 -0.0261416
/11/00221-depth.png -0.119101 0.436399 -0.753315 0.963736 0.21352 0.157868 -0.0264605
/11/00222-depth.png -0.115189 0.446174 -0.754421 0.963507 0.216635 0.154683 -0.0282395
/11/00223-depth.png -0.113189 0.448322 -0.75448 0.963536 0.216707 0.154293 -0.0288197
/11/00224-depth.png -0.113891 0.449627 -0.754127 0.96356 0.21617 0.155212 -0.0270503
/11/00225-depth.png -0.110946 0.454649 -0.753978 0.963498 0.217608 0.153544 -0.0272416
/11/00226-depth.png -0.108456 0.456295 -0.754427 0.963777 0.216855 0.152859 -0.0272417
/11/00227-depth.png -0.106588 0.457159 -0.75431 0.963943 0.216739 0.15211 -0.0264684
/11/00228-depth.png -0.0958443 0.458104 -0.755761 0.96326 0.223016 0.146213 -0.0318815
/11/00229-depth.png -0.0921599 0.457313 -0.754797 0.963587 0.221593 0.145945 -0.033103
/11/00230-depth.png -0.0898357 0.456838 -0.754547 0.963627 0.221788 0.145179 -0.0340141
/11/00231-depth.png -0.0810286 0.456662 -0.755663 0.963162 0.225143 0.142171 -0.0376578
/11/00232-depth.png -0.0880958 0.482238 -0.749121 0.958531 0.240688 0.147902 -0.037586
/11/00233-depth.png -0.0700763 0.446914 -0.762424 0.962095 0.22981 0.139662 -0.0453273
/11/00234-depth.png -0.0625482 0.442328 -0.761743 0.961641 0.23362 0.134841 -0.0498537
/11/00235-depth.png -0.0543814 0.438828 -0.765579 0.961266 0.236936 0.130341 -0.0532941
/11/00236-depth.png -0.0543814 0.438828 -0.765579 0.961266 0.236936 0.130341 -0.0532941
/11/00237-depth.png -0.0472573 0.438184 -0.767814 0.960713 0.239459 0.129059 -0.0550742
/11/00238-depth.png -0.0410214 0.436475 -0.767071 0.959946 0.24337 0.126233 -0.0577978
/11/00239-depth.png -0.0324448 0.433921 -0.76884 0.960268 0.243159 0.123638 -0.0589312
/11/00240-depth.png -0.0258957 0.429308 -0.771207 0.960084 0.244808 0.121546 -0.059448
/11/00241-depth.png -0.0197072 0.429231 -0.769806 0.958955 0.250026 0.119395 -0.0603161
/11/00242-depth.png -0.0124508 0.428697 -0.767942 0.957885 0.255016 0.116401 -0.0622452
/11/00243-depth.png -0.0100384 0.428698 -0.767639 0.957599 0.256569 0.115218 -0.0624632
/11/00244-depth.png -0.00664423 0.426389 -0.766714 0.957633 0.257316 0.113318 -0.0623346
/11/00245-depth.png -0.00475088 0.427783 -0.766974 0.957355 0.259398 0.111224 -0.0617446
/11/00246-depth.png 0.00531356 0.428428 -0.764887 0.957154 0.262769 0.104542 -0.0622934
/11/00247-depth.png 0.0126291 0.430691 -0.76286 0.956351 0.267174 0.0992333 -0.0645207
/11/00248-depth.png 0.0178033 0.430219 -0.762736 0.956738 0.266678 0.0964606 -0.0650419
/11/00249-depth.png 0.0285551 0.43084 -0.765646 0.955438 0.2708 0.0966469 -0.0668217
/11/00250-depth.png 0.0325877 0.431312 -0.763084 0.95466 0.273562 0.0953488 -0.0685386
/11/00251-depth.png 0.0398838 0.433806 -0.762633 0.954499 0.27516 0.0907635 -0.0705796
/11/00252-depth.png 0.0456209 0.431134 -0.76185 0.955136 0.273118 0.087926 -0.0734267
/11/00253-depth.png 0.0464659 0.42858 -0.762543 0.955496 0.271949 0.0873608 -0.0737503
/11/00254-depth.png 0.0511039 0.426072 -0.759863 0.955497 0.272134 0.0853213 -0.0754296
/11/00255-depth.png 0.0529923 0.425517 -0.760169 0.955653 0.271292 0.0849732 -0.0768551
/11/00256-depth.png 0.0581492 0.423526 -0.760137 0.955888 0.269649 0.0851575 -0.0794664
/11/00257-depth.png 0.0595504 0.421999 -0.760726 0.955783 0.269531 0.0859514 -0.0802724
/11/00258-depth.png 0.0662739 0.421717 -0.758947 0.955609 0.269973 0.0860837 -0.0807239
/11/00259-depth.png 0.0726599 0.419824 -0.757228 0.95609 0.268212 0.084005 -0.0830539
/11/00260-depth.png 0.0749355 0.417088 -0.756878 0.956841 0.265313 0.0836847 -0.0840308
/11/00261-depth.png 0.0775328 0.416437 -0.756619 0.957263 0.263331 0.0830674 -0.0860532
/11/00262-depth.png 0.0801674 0.415107 -0.755428 0.957453 0.262007 0.0826782 -0.0883201
/11/00263-depth.png 0.083139 0.409846 -0.756836 0.957983 0.259004 0.0838696 -0.0902854
/11/00264-depth.png 0.083139 0.409846 -0.756836 0.957983 0.259004 0.0838696 -0.0902854
/11/00265-depth.png 0.082637 0.409007 -0.753504 0.957588 0.259762 0.0829849 -0.0930682
/11/00266-depth.png 0.0829836 0.405274 -0.753859 0.958251 0.256407 0.0827436 -0.0957303
/11/00267-depth.png 0.0832584 0.40055 -0.755221 0.958653 0.254536 0.0831334 -0.0963544
/11/00268-depth.png 0.0832584 0.40055 -0.755221 0.958653 0.254536 0.0831334 -0.0963544
/11/00269-depth.png 0.0834367 0.397533 -0.751453 0.958539 0.255505 0.0822422 -0.0956887
/11/00270-depth.png 0.0830982 0.389566 -0.753125 0.960003 0.251287 0.0820829 -0.0922582
/11/00271-depth.png 0.0830982 0.389566 -0.753125 0.960003 0.251287 0.0820829 -0.0922582
/11/00272-depth.png 0.0750403 0.364031 -0.741926 0.960705 0.249017 0.0938025 -0.078977
/11/00273-depth.png 0.0735025 0.359265 -0.738642 0.960884 0.248956 0.0946818 -0.0758848
/11/00274-depth.png 0.0735025 0.359265 -0.738642 0.960884 0.248956 0.0946818 -0.0758848
/11/00275-depth.png 0.102065 0.400308 -0.737758 0.954138 0.280637 0.0769575 -0.0702987
/11/00276-depth.png 0.0980908 0.390135 -0.737836 0.954376 0.279531 0.0806873 -0.0672263
/11/00277-depth.png 0.0635333 0.328009 -0.733312 0.961394 0.248846 0.0992191 -0.0628719
/11/00278-depth.png 0.0635333 0.328009 -0.733312 0.961394 0.248846 0.0992191 -0.0628719
/11/00279-depth.png 0.0635333 0.328009 -0.733312 0.961394 0.248846 0.0992191 -0.0628719
/11/00280-depth.png 0.0612289 0.3078 -0.731916 0.963975 0.243363 0.0926906 -0.0541827
/11/00281-depth.png 0.063638 0.296712 -0.738097 0.96497 0.241548 0.089833 -0.0491684
/11/00282-depth.png 0.0626127 0.293603 -0.740095 0.964996 0.241692 0.0905091 -0.0466553
/11/00283-depth.png 0.0582522 0.282379 -0.739757 0.965077 0.241639 0.0934057 -0.0389007
/11/00284-depth.png 0.0570904 0.278976 -0.738107 0.965018 0.242084 0.0939339 -0.036226
/11/00285-depth.png 0.0538722 0.269965 -0.739349 0.966134 0.237755 0.0946234 -0.0332302
/11/00286-depth.png 0.0507831 0.262022 -0.737455 0.966545 0.235955 0.0956282 -0.0311592
/11/00287-depth.png 0.0476179 0.253781 -0.733879 0.967384 0.233133 0.0955054 -0.0263717
/11/00288-depth.png 0.0476179 0.253781 -0.733879 0.967384 0.233133 0.0955054 -0.0263717
/11/00289-depth.png 0.0463476 0.248065 -0.731799 0.968135 0.230933 0.0942227 -0.0225278
/11/00290-depth.png 0.0388704 0.236646 -0.727443 0.968814 0.229092 0.0924913 -0.0189976
/11/00291-depth.png 0.0414666 0.235242 -0.729545 0.969516 0.227919 0.088048 -0.0184457
/11/00292-depth.png 0.0435951 0.229959 -0.729888 0.970408 0.225127 0.0854454 -0.0180568
/11/00293-depth.png 0.0407265 0.21702 -0.728626 0.971436 0.220239 0.0869796 -0.0155194
/11/00294-depth.png 0.0423422 0.210067 -0.73161 0.971656 0.219505 0.0862923 -0.015995
/11/00295-depth.png 0.0423422 0.210067 -0.73161 0.971656 0.219505 0.0862923 -0.015995
/11/00296-depth.png 0.042636 0.201408 -0.729918 0.971832 0.218649 0.0868453 -0.0139224
/11/00297-depth.png 0.0420441 0.190345 -0.729238 0.972306 0.216655 0.0866189 -0.0133592
/11/00298-depth.png 0.0394374 0.177256 -0.726555 0.972431 0.215145 0.0890771 -0.0124814
/11/00299-depth.png 0.040431 0.165603 -0.72779 0.972641 0.213966 0.0894586 -0.0135913
/11/00300-depth.png 0.0407351 0.160524 -0.726654 0.972425 0.214442 0.090341 -0.0155875
/11/00301-depth.png 0.0418198 0.147051 -0.728376 0.972562 0.212933 0.0921431 -0.0170958
/11/00302-depth.png 0.0412699 0.137558 -0.72998 0.971443 0.216484 0.0953702 -0.0183768
/11/00303-depth.png 0.0381382 0.116609 -0.725844 0.971405 0.21502 0.0988555 -0.0191575
/11/00304-depth.png 0.0353847 0.107192 -0.725767 0.97176 0.213018 0.0996016 -0.0196383
/11/00305-depth.png 0.0322186 0.0949973 -0.725287 0.972177 0.210387 0.101116 -0.0196246
/11/00306-depth.png 0.0438587 0.106061 -0.728874 0.97129 0.216772 0.0948674 -0.0246299
/11/00307-depth.png 0.0447888 0.0946431 -0.732756 0.971124 0.216925 0.0956574 -0.0266637
/11/00308-depth.png 0.0491485 0.0733368 -0.732948 0.970449 0.216214 0.102849 -0.030031
/11/00309-depth.png 0.0486261 0.0663271 -0.732489 0.97062 0.2144 0.104579 -0.0315078
/11/00310-depth.png 0.0625289 0.0541008 -0.73841 0.970854 0.212453 0.104628 -0.0368786
/11/00311-depth.png 0.0624476 0.0566454 -0.731737 0.969817 0.216611 0.105284 -0.03809
/11/00312-depth.png 0.0572969 0.0389908 -0.734326 0.97082 0.211196 0.106143 -0.0404763
/11/00313-depth.png 0.064513 0.0337239 -0.734275 0.970692 0.213802 0.1001 -0.0450067
/11/00314-depth.png 0.063355 0.0229518 -0.738824 0.971689 0.208815 0.100547 -0.0459064
/11/00315-depth.png 0.0685712 0.0241426 -0.737549 0.971 0.211693 0.100479 -0.0474273
/11/00316-depth.png 0.0689555 0.0135458 -0.739885 0.970999 0.210539 0.102658 -0.0479173
/11/00317-depth.png 0.0701259 0.00743613 -0.742012 0.971491 0.208234 0.102436 -0.0484919
/11/00318-depth.png 0.0696285 0.000849664 -0.739974 0.971436 0.208073 0.10316 -0.0487401
/11/00319-depth.png 0.0705353 -0.0035117 -0.737258 0.971321 0.209015 0.102094 -0.0492524
/11/00320-depth.png 0.0703782 -0.0107184 -0.738449 0.971883 0.206737 0.100965 -0.050095
/11/00321-depth.png 0.0703782 -0.0107184 -0.738449 0.971883 0.206737 0.100965 -0.050095
/11/00322-depth.png 0.0780605 -0.0273382 -0.74011 0.972205 0.205684 0.0984021 -0.0531782
/11/00323-depth.png 0.0768388 -0.0400891 -0.741194 0.972708 0.20225 0.100123 -0.0539394
/11/00324-depth.png 0.0790943 -0.0392053 -0.736388 0.972118 0.205137 0.0994934 -0.0548218
/11/00325-depth.png 0.0780526 -0.0388623 -0.733097 0.971405 0.208265 0.0996922 -0.055309
/11/00326-depth.png 0.0766221 -0.0476409 -0.735469 0.971988 0.205328 0.0994568 -0.0564606
/11/00327-depth.png 0.076494 -0.0548854 -0.73684 0.972238 0.20442 0.0972608 -0.0592131
/11/00328-depth.png 0.0753422 -0.0583571 -0.737347 0.97225 0.204314 0.0969606 -0.0598629
/11/00329-depth.png 0.0754508 -0.0611916 -0.738893 0.972254 0.204166 0.0968713 -0.0604551
/11/00330-depth.png 0.0725359 -0.0642819 -0.738933 0.971287 0.207262 0.0997823 -0.0607224
/11/00331-depth.png 0.0720133 -0.0706047 -0.742701 0.970877 0.207719 0.102505 -0.0611901
/11/00332-depth.png 0.0695362 -0.0743912 -0.742632 0.97071 0.207693 0.104458 -0.0606163
/11/00333-depth.png 0.0720601 -0.0712363 -0.742419 0.969968 0.211614 0.103329 -0.0608603
/11/00334-depth.png 0.0643723 -0.0881093 -0.746014 0.971082 0.205289 0.106053 -0.0600761
/11/00335-depth.png 0.0633333 -0.0924259 -0.746818 0.971324 0.204463 0.105105 -0.060638
/11/00336-depth.png 0.0636712 -0.0950514 -0.748185 0.971506 0.203852 0.10453 -0.0607709
/11/00337-depth.png 0.0614112 -0.0971512 -0.748024 0.971446 0.203793 0.105649 -0.0599977
/11/00338-depth.png 0.0614112 -0.0971512 -0.748024 0.971446 0.203793 0.105649 -0.0599977
/11/00339-depth.png 0.0596508 -0.103132 -0.750771 0.971016 0.2051 0.107316 -0.0595475
/11/00340-depth.png 0.060465 -0.103865 -0.751936 0.971352 0.204615 0.104899 -0.0600294
/11/00341-depth.png 0.0596783 -0.105118 -0.752352 0.97164 0.203393 0.104508 -0.0602016
/11/00342-depth.png 0.0582274 -0.105113 -0.751452 0.971687 0.203184 0.104396 -0.0603496
/11/00343-depth.png 0.0578209 -0.100377 -0.752366 0.971874 0.203591 0.10136 -0.0611431
/11/00344-depth.png 0.0582589 -0.0996597 -0.75432 0.972067 0.203066 0.100162 -0.0617811
/11/00345-depth.png 0.0568089 -0.0954576 -0.756169 0.971968 0.203737 0.0991949 -0.0626883
/11/00346-depth.png 0.0516283 -0.0839062 -0.756528 0.97081 0.208084 0.102099 -0.0616765
/11/00347-depth.png 0.0506052 -0.0757383 -0.75966 0.970487 0.209507 0.102368 -0.0615001
/11/00348-depth.png 0.0502562 -0.0662677 -0.762584 0.970044 0.211218 0.10306 -0.0614862
/11/00349-depth.png 0.0491395 -0.0619796 -0.763256 0.969882 0.211855 0.103526 -0.0610647
/11/00350-depth.png 0.0466628 -0.0532807 -0.764869 0.969452 0.213852 0.103383 -0.0611793
/11/00351-depth.png 0.0455289 -0.0454688 -0.769052 0.969371 0.21489 0.101528 -0.0619269
/11/00352-depth.png 0.0412633 -0.0442057 -0.769691 0.969289 0.21466 0.10275 -0.0619816
/11/00353-depth.png 0.0421094 -0.0286934 -0.771003 0.968114 0.220788 0.0998288 -0.0635729
/11/00354-depth.png 0.0363809 -0.02142 -0.77048 0.967883 0.222098 0.0984258 -0.0647047
/11/00355-depth.png 0.0259574 -0.00866404 -0.772868 0.967932 0.220305 0.1003 -0.0671814
/11/00356-depth.png 0.0250957 0.00164205 -0.772885 0.967134 0.222963 0.101884 -0.0675202
/11/00357-depth.png 0.0225419 0.00326294 -0.776304 0.967503 0.220326 0.104474 -0.0669361
/11/00358-depth.png 0.0241931 0.0110112 -0.775788 0.966764 0.223825 0.104176 -0.0664679
/11/00359-depth.png 0.0278292 0.028244 -0.774211 0.965774 0.228795 0.10388 -0.0643562
/11/00360-depth.png 0.0422995 0.0689385 -0.776335 0.963897 0.238498 0.104446 -0.0557841
/11/00361-depth.png 0.0438057 0.0822079 -0.775552 0.96368 0.239252 0.107089 -0.0510937
/11/00362-depth.png 0.0438057 0.0822079 -0.775552 0.96368 0.239252 0.107089 -0.0510937
/11/00363-depth.png 0.0314853 0.0779413 -0.791038 0.966813 0.22462 0.114083 -0.0424678
/11/00364-depth.png 0.0336018 0.104562 -0.777064 0.964922 0.232711 0.114797 -0.0398978
/11/00365-depth.png 0.0376221 0.116577 -0.776579 0.965769 0.230022 0.114144 -0.0367614
/11/00366-depth.png 0.0400937 0.135381 -0.771447 0.966059 0.22846 0.116412 -0.0313826
/11/00367-depth.png 0.0429243 0.147974 -0.768822 0.965671 0.230553 0.116469 -0.0275494
/11/00368-depth.png 0.0433336 0.163688 -0.761035 0.96521 0.231031 0.120355 -0.0225676
/11/00369-depth.png 0.04662 0.173 -0.766486 0.966718 0.224584 0.120937 -0.0198122
/11/00370-depth.png 0.0471132 0.1777 -0.764859 0.966923 0.223142 0.122027 -0.0194435
/11/00371-depth.png 0.0474742 0.192866 -0.758152 0.966553 0.224287 0.123489 -0.0148817
/11/00372-depth.png 0.0322778 0.17377 -0.799155 0.970406 0.201459 0.132336 -0.0146331
/11/00373-depth.png -0.00580546 0.360658 -0.726452 0.938716 0.305104 0.160145 -0.00884234
/11/00374-depth.png 0.0623254 0.230157 -0.752916 0.968865 0.216833 0.119144 -0.00943844
/11/00375-depth.png 0.0545666 0.214189 -0.809005 0.973541 0.188956 0.12822 -0.00856998
/11/00376-depth.png 0.0604084 0.258244 -0.740016 0.967277 0.220385 0.125705 -0.00189012
/11/00377-depth.png 0.0676678 0.252051 -0.786249 0.973009 0.194414 0.124323 0.000675232
/11/00378-depth.png 0.0797106 0.283163 -0.735984 0.970143 0.211826 0.117925 0.00682279
/11/00379-depth.png 0.0896901 0.281643 -0.739851 0.971852 0.206762 0.112664 0.00775248
/11/00380-depth.png 0.0951262 0.284244 -0.73758 0.973281 0.200187 0.112331 0.0056304
/11/00381-depth.png 0.108592 0.291205 -0.744799 0.97359 0.201524 0.107099 0.00634185
/11/00382-depth.png 0.13239 0.292553 -0.792618 0.974481 0.197426 0.106737 0.0042355
/11/00383-depth.png 0.115567 0.308148 -0.746098 0.96818 0.21947 0.120121 0.0055423
/11/00384-depth.png 0.121168 0.320275 -0.749537 0.966833 0.226759 0.117488 0.00341679
/11/00385-depth.png 0.123875 0.321269 -0.751272 0.966759 0.227859 0.115981 0.00246601
/11/00386-depth.png 0.135671 0.332648 -0.756922 0.964517 0.239468 0.111155 -0.0025757
/11/00387-depth.png 0.14359 0.334761 -0.760608 0.964388 0.240471 0.11007 -0.00366761
/11/00388-depth.png 0.146745 0.346882 -0.755609 0.961012 0.250829 0.116117 -0.00762849
/11/00389-depth.png 0.152372 0.358853 -0.750915 0.960459 0.255137 0.110921 -0.0109764
/11/00390-depth.png 0.159882 0.36643 -0.747971 0.961389 0.254444 0.103892 -0.0140119
/11/00391-depth.png 0.16501 0.367073 -0.747101 0.962858 0.250928 0.0977279 -0.0197252
/11/00392-depth.png 0.176375 0.373579 -0.747213 0.96335 0.251516 0.0904657 -0.0226367
/11/00393-depth.png 0.177646 0.378443 -0.746481 0.963194 0.252638 0.0885301 -0.0243714
/11/00394-depth.png 0.184029 0.380218 -0.746638 0.96316 0.254046 0.0846895 -0.024711
/11/00395-depth.png 0.190409 0.390018 -0.747998 0.963486 0.254675 0.0778645 -0.0278083
/11/00396-depth.png 0.191953 0.39378 -0.747257 0.963422 0.255578 0.075774 -0.0274973
/11/00397-depth.png 0.196725 0.4025 -0.747908 0.962882 0.259041 0.068001 -0.0336471
/11/00398-depth.png 0.197068 0.412324 -0.749076 0.961874 0.263154 0.0651808 -0.0360489
/11/00399-depth.png 0.1961 0.416465 -0.747351 0.961529 0.264778 0.062373 -0.0382614
/11/00400-depth.png 0.195051 0.418641 -0.749111 0.961181 0.266056 0.0606388 -0.0408424
/11/00401-depth.png 0.192898 0.428777 -0.746798 0.96011 0.270602 0.0553212 -0.0436159
/11/00402-depth.png 0.191087 0.43021 -0.744699 0.960135 0.270811 0.0524133 -0.0453367
/11/00403-depth.png 0.208354 0.43601 -0.752472 0.961772 0.267456 0.0282535 -0.0516166
/11/00404-depth.png 0.201352 0.439205 -0.754653 0.96159 0.268385 0.0253481 -0.0516895
/11/00405-depth.png 0.201035 0.441419 -0.756601 0.961628 0.268211 0.0247934 -0.0521522
/11/00406-depth.png 0.198283 0.443487 -0.757787 0.961431 0.269154 0.0256381 -0.0504915
/11/00407-depth.png 0.196424 0.447672 -0.754834 0.960935 0.271042 0.0267131 -0.0492631
/11/00408-depth.png 0.197227 0.449804 -0.759791 0.961289 0.270131 0.026149 -0.0476225
/11/00409-depth.png 0.195025 0.452031 -0.762641 0.960596 0.272394 0.0304838 -0.046124
/11/00410-depth.png 0.193971 0.454231 -0.761006 0.959988 0.274507 0.0322948 -0.0450063
/11/00411-depth.png 0.189959 0.456364 -0.766636 0.959639 0.275437 0.0381907 -0.042051
/11/00412-depth.png 0.186719 0.45942 -0.766076 0.958658 0.278496 0.0418911 -0.0407456
/11/00413-depth.png 0.182482 0.460039 -0.771259 0.958037 0.279744 0.0484147 -0.0395629
/11/00414-depth.png 0.184587 0.459481 -0.77349 0.957673 0.2807 0.0496065 -0.0401155
/11/00415-depth.png 0.191473 0.520794 -0.781045 0.948711 0.308649 0.0582629 -0.0359116
/11/00416-depth.png 0.153108 0.478212 -0.814842 0.955818 0.279632 0.0878004 -0.0225596
/11/00417-depth.png 0.200994 0.512139 -0.773678 0.948727 0.305669 0.0747512 -0.0299178
/11/00418-depth.png 0.141898 0.488919 -0.769771 0.942973 0.307065 0.126318 -0.0235855
/11/00419-depth.png 0.140149 0.487796 -0.770496 0.940836 0.309675 0.134998 -0.0265279
/11/00420-depth.png 0.149042 0.484643 -0.774228 0.941449 0.308398 0.133543 -0.0270326
/11/00421-depth.png 0.141746 0.481725 -0.768017 0.940406 0.308408 0.140565 -0.0276222
/11/00422-depth.png 0.125959 0.571965 -0.745434 0.922144 0.354927 0.15258 -0.0199383
/11/00423-depth.png 0.11725 0.476058 -0.761127 0.930331 0.32827 0.159759 -0.0346412
/11/00424-depth.png 0.12818 0.490458 -0.768507 0.925579 0.340704 0.160849 -0.0367667
/11/00425-depth.png 0.12818 0.490458 -0.768507 0.925579 0.340704 0.160849 -0.0367667
/11/00426-depth.png 0.130295 0.489185 -0.769232 0.92382 0.346684 0.161465 -0.0171993
/11/00427-depth.png 0.107509 0.508244 -0.769544 0.919379 0.353413 0.172576 -0.00767348
