/14/00000-depth.png -0.414409 0.690581 -0.476155 0.857644 0.501128 0.106012 0.0455908
/14/00001-depth.png -0.413501 0.68894 -0.477014 0.858072 0.50054 0.105341 0.0455567
/14/00002-depth.png -0.412792 0.68905 -0.478386 0.857394 0.501847 0.104006 0.0469775
/14/00003-depth.png -0.411874 0.689262 -0.477214 0.857502 0.501943 0.102134 0.0480844
/14/00004-depth.png -0.411574 0.685405 -0.481202 0.860303 0.497896 0.0988942 0.0468837
/14/00005-depth.png -0.410474 0.687221 -0.479296 0.860113 0.49867 0.096601 0.0469316
/14/00006-depth.png -0.431216 0.677963 -0.478744 0.861667 0.494813 0.100325 0.0512263
/14/00007-depth.png -0.428349 0.676502 -0.478699 0.864428 0.492274 0.089728 0.0487884
/14/00008-depth.png -0.427865 0.675589 -0.479477 0.865522 0.490946 0.0866476 0.0483273
/14/00009-depth.png -0.425125 0.676251 -0.481918 0.86441 0.493293 0.0827168 0.0511447
/14/00010-depth.png -0.421099 0.672953 -0.488688 0.865127 0.492675 0.0782639 0.051978
/14/00011-depth.png -0.418565 0.671514 -0.489557 0.865277 0.493362 0.0709575 0.0534236
/14/00012-depth.png -0.414623 0.665749 -0.496948 0.868456 0.488384 0.0672598 0.0523619
/14/00013-depth.png -0.408806 0.666378 -0.496924 0.868632 0.4889 0.0621835 0.0508808
/14/00014-depth.png -0.401684 0.666535 -0.498349 0.869302 0.488696 0.0604016 0.04292
/14/00015-depth.png -0.399354 0.66568 -0.500648 0.868716 0.489915 0.0605464 0.0406151
/14/00016-depth.png -0.412077 0.649413 -0.510041 0.872582 0.481894 0.067343 0.0429479
/14/00017-depth.png -0.384815 0.662393 -0.504902 0.870511 0.487612 0.0509377 0.0430138
/14/00018-depth.png -0.377738 0.66068 -0.503552 0.87112 0.486474 0.046404 0.0483636
/14/00019-depth.png -0.373293 0.660122 -0.503038 0.871092 0.486546 0.0450342 0.0494277
/14/00020-depth.png -0.362826 0.657889 -0.505376 0.870669 0.487471 0.0432331 0.0493801
/14/00021-depth.png -0.356314 0.656668 -0.505193 0.871445 0.486097 0.040773 0.0512863
/14/00022-depth.png -0.335908 0.647611 -0.51692 0.875865 0.478799 0.0316695 0.0510791
/14/00023-depth.png -0.327055 0.657317 -0.506268 0.870832 0.487409 0.0315121 0.0556076
/14/00024-depth.png -0.324098 0.656217 -0.505918 0.871496 0.486113 0.0321109 0.0561885
/14/00025-depth.png -0.319652 0.653364 -0.503264 0.87276 0.484158 0.0301937 0.0544946
/14/00026-depth.png -0.313505 0.652938 -0.501971 0.873031 0.484097 0.0273108 0.0521598
/14/00027-depth.png -0.297751 0.651074 -0.502681 0.874158 0.482422 0.0237261 0.0505356
/14/00028-depth.png -0.298995 0.651416 -0.500264 0.87319 0.483791 0.0265856 0.0527225
/14/00029-depth.png -0.285988 0.647689 -0.500353 0.873368 0.484251 0.0226862 0.0470661
/14/00030-depth.png -0.266412 0.629837 -0.512692 0.879347 0.474007 0.020351 0.0406354
/14/00031-depth.png -0.262331 0.628193 -0.511826 0.879537 0.47384 0.0194393 0.0388854
/14/00032-depth.png -0.247463 0.620247 -0.510401 0.88119 0.471349 0.0151461 0.0332413
/14/00033-depth.png -0.239288 0.61866 -0.510701 0.880982 0.47184 0.0136766 0.032416
/14/00034-depth.png -0.22573 0.614288 -0.50886 0.879871 0.473884 0.0121521 0.0333518
/14/00035-depth.png -0.219065 0.611979 -0.508791 0.879714 0.47412 0.01172 0.0342994
/14/00036-depth.png -0.206691 0.605182 -0.508879 0.879876 0.47383 0.010472 0.0345392
/14/00037-depth.png -0.192237 0.60022 -0.508184 0.881601 0.470669 0.00766373 0.0345085
/14/00038-depth.png -0.177046 0.59571 -0.508083 0.880683 0.472399 0.00644665 0.0345764
/14/00039-depth.png -0.163219 0.590318 -0.509403 0.879766 0.474015 0.00684861 0.0356999
/14/00040-depth.png -0.157295 0.589491 -0.50827 0.879068 0.475229 0.00583888 0.0369123
/14/00041-depth.png -0.146198 0.586754 -0.506556 0.879113 0.474939 0.00124699 0.0398965
/14/00042-depth.png -0.119155 0.577049 -0.503807 0.88178 0.470283 -0.00160583 0.0360031
/14/00043-depth.png -0.10795 0.574878 -0.501477 0.881934 0.469994 -0.00276885 0.035926
/14/00044-depth.png -0.104643 0.571795 -0.502792 0.882478 0.468978 -0.0013505 0.0359174
/14/00045-depth.png -0.0969128 0.571749 -0.498905 0.882507 0.469127 -0.00129851 0.0331638
/14/00046-depth.png -0.0885464 0.567524 -0.497602 0.883755 0.46692 -0.0027277 0.030896
/14/00047-depth.png -0.0724237 0.56419 -0.495131 0.884245 0.466599 0.00495842 0.019298
/14/00048-depth.png -0.0625642 0.562443 -0.492806 0.884125 0.466982 0.00461515 0.0151656
/14/00049-depth.png -0.0660137 0.576634 -0.482604 0.878163 0.477998 0.0115015 0.0146823
/14/00050-depth.png -0.0498106 0.56654 -0.491547 0.881426 0.472032 0.0104608 0.0128298
/14/00051-depth.png -0.0469589 0.567194 -0.490905 0.881697 0.471533 0.00956384 0.0132288
/14/00052-depth.png -0.0399293 0.566845 -0.490513 0.882483 0.470103 0.00681709 0.0134344
/14/00053-depth.png -0.030297 0.567685 -0.488236 0.882444 0.470055 0.00497072 0.0178119
/14/00054-depth.png -0.0301093 0.580607 -0.480259 0.877732 0.478377 0.00585759 0.0266011
/14/00055-depth.png -0.0161886 0.569304 -0.485152 0.882545 0.469184 -0.000626781 0.0312977
/14/00056-depth.png -0.0131275 0.577098 -0.477576 0.879887 0.474058 -0.00030241 0.0326862
/14/00057-depth.png -0.018566 0.582296 -0.47731 0.879786 0.473833 0.0053136 0.0378398
/14/00058-depth.png 0.0162615 0.568249 -0.470865 0.884418 0.465685 -0.00108046 0.0306688
/14/00059-depth.png 0.0180888 0.563328 -0.471966 0.884787 0.465071 0.00725274 0.0284473
/14/00060-depth.png 0.0260307 0.56308 -0.47225 0.884765 0.465521 0.00490533 0.0213822
/14/00061-depth.png 0.026392 0.559338 -0.473215 0.885578 0.464077 0.00618646 0.0186009
/14/00062-depth.png 0.036465 0.563913 -0.4693 0.882872 0.469492 0.00268042 0.0103999
/14/00063-depth.png 0.0485721 0.558672 -0.469681 0.882167 0.470906 0.000698343 0.00532666
/14/00064-depth.png 0.0482255 0.554926 -0.470147 0.883365 0.468663 0.00138362 0.00443927
/14/00065-depth.png 0.0588988 0.546505 -0.474776 0.885198 0.46518 -0.00553183 -0.00130405
/14/00066-depth.png 0.0618197 0.545171 -0.474848 0.88494 0.465652 -0.00654064 -0.00271939
/14/00067-depth.png 0.0682274 0.543513 -0.471922 0.884485 0.466386 -0.0124852 -0.0038008
/14/00068-depth.png 0.0746172 0.538412 -0.470752 0.885719 0.463887 -0.0163393 -0.00668385
/14/00069-depth.png 0.0818285 0.535722 -0.469241 0.885992 0.463317 -0.0166032 -0.0089256
/14/00070-depth.png 0.0935996 0.532085 -0.466765 0.886953 0.461291 -0.0193319 -0.0122822
/14/00071-depth.png 0.102393 0.530702 -0.465543 0.887061 0.461082 -0.0179807 -0.0142014
/14/00072-depth.png 0.115809 0.527077 -0.464999 0.887321 0.460418 -0.0182606 -0.0184966
/14/00073-depth.png 0.120779 0.525729 -0.465178 0.887093 0.460807 -0.0187228 -0.0192849
/14/00074-depth.png 0.139011 0.51853 -0.463323 0.884272 0.465992 -0.0198511 -0.0227903
/14/00075-depth.png 0.148336 0.516356 -0.458703 0.882753 0.468719 -0.0215181 -0.0241984
/14/00076-depth.png 0.163415 0.520963 -0.445033 0.87599 0.481237 -0.0190993 -0.026247
/14/00077-depth.png 0.156707 0.505269 -0.448149 0.880063 0.474111 -0.013399 -0.0229936
/14/00078-depth.png 0.153585 0.499313 -0.445199 0.880652 0.473095 -0.00978134 -0.0232054
/14/00079-depth.png 0.160853 0.495921 -0.440723 0.879837 0.474191 -0.0105533 -0.0302972
/14/00080-depth.png 0.171429 0.49729 -0.435794 0.879489 0.474257 -0.0139051 -0.0372205
/14/00081-depth.png 0.180005 0.498584 -0.430983 0.879631 0.473681 -0.0152405 -0.0405363
/14/00082-depth.png 0.188186 0.494194 -0.427662 0.882558 0.467695 -0.0161004 -0.0457644
/14/00083-depth.png 0.199487 0.495471 -0.428285 0.881565 0.469504 -0.016446 -0.0462518
/14/00084-depth.png 0.203825 0.496284 -0.428063 0.881113 0.470577 -0.0149932 -0.0444002
/14/00085-depth.png 0.207037 0.496701 -0.429684 0.881398 0.470295 -0.012916 -0.0423493
/14/00086-depth.png 0.207037 0.496701 -0.429684 0.881398 0.470295 -0.012916 -0.0423493
/14/00087-depth.png 0.218113 0.499361 -0.430462 0.881402 0.470466 -0.0146173 -0.0397242
/14/00088-depth.png 0.222572 0.499334 -0.432232 0.881886 0.469633 -0.0142748 -0.0389768
/14/00089-depth.png 0.240635 0.50859 -0.431385 0.878458 0.475533 -0.0209669 -0.0417152
/14/00090-depth.png 0.236465 0.507045 -0.433694 0.879634 0.473872 -0.00779272 -0.0403482
/14/00091-depth.png 0.244102 0.508299 -0.435069 0.881385 0.470356 -0.00921389 -0.0428997
/14/00092-depth.png 0.247318 0.508516 -0.436006 0.881543 0.470049 -0.00822521 -0.0432155
/14/00093-depth.png 0.252687 0.511471 -0.435753 0.882117 0.469173 -0.00616373 -0.0413291
/14/00094-depth.png 0.262904 0.517472 -0.43284 0.881975 0.469515 -0.00891596 -0.0399518
/14/00095-depth.png 0.263547 0.517026 -0.43421 0.88287 0.467754 -0.0061302 -0.04135
/14/00096-depth.png 0.272459 0.520941 -0.435626 0.881531 0.46989 -0.0038548 -0.0457287
/14/00097-depth.png 0.275233 0.522522 -0.435718 0.881118 0.470667 -0.0028132 -0.045781
/14/00098-depth.png 0.279466 0.526665 -0.434684 0.881195 0.470677 -0.00278853 -0.0441582
/14/00099-depth.png 0.287581 0.530345 -0.434641 0.881983 0.469192 -0.00507113 -0.0440425
/14/00100-depth.png 0.295394 0.536007 -0.434174 0.88351 0.466399 -0.00418003 -0.0431756
/14/00101-depth.png 0.308792 0.542618 -0.433396 0.883859 0.465323 -0.00588961 -0.04725
/14/00102-depth.png 0.310272 0.5432 -0.434839 0.884314 0.464348 -0.00368584 -0.0485352
/14/00103-depth.png 0.310272 0.5432 -0.434839 0.884314 0.464348 -0.00368584 -0.0485352
/14/00104-depth.png 0.326402 0.550164 -0.434934 0.883709 0.464928 -0.00399812 -0.0537041
/14/00105-depth.png 0.337406 0.552584 -0.433028 0.884168 0.463951 -0.00775444 -0.0541821
/14/00106-depth.png 0.353144 0.555419 -0.43067 0.883751 0.464362 -0.0136248 -0.0562722
/14/00107-depth.png 0.352518 0.553198 -0.431495 0.885418 0.46114 -0.0110629 -0.0571109
/14/00108-depth.png 0.365728 0.551024 -0.432986 0.885541 0.460162 -0.012442 -0.0625524
/14/00109-depth.png 0.394752 0.552269 -0.430767 0.881701 0.465651 -0.0204019 -0.07318
/14/00110-depth.png 0.392433 0.550019 -0.433137 0.882535 0.464099 -0.015351 -0.0742243
/14/00111-depth.png 0.422017 0.549034 -0.43145 0.883677 0.46102 -0.0130874 -0.0800316
/14/00112-depth.png 0.433276 0.548327 -0.433338 0.884606 0.459542 -0.0126984 -0.0783127
/14/00113-depth.png 0.440205 0.546871 -0.434827 0.884322 0.459976 -0.0138564 -0.0787682
/14/00114-depth.png 0.458795 0.548611 -0.434038 0.882605 0.462085 -0.0210546 -0.0839214
/14/00115-depth.png 0.470337 0.549458 -0.434987 0.881823 0.462532 -0.0244665 -0.0886187
/14/00116-depth.png 0.472157 0.549742 -0.4374 0.88184 0.46212 -0.0240404 -0.0906977
/14/00117-depth.png 0.483174 0.552422 -0.434438 0.879854 0.464607 -0.0278956 -0.0960138
/14/00118-depth.png 0.483994 0.552508 -0.437621 0.880267 0.463603 -0.0278492 -0.0970927
/14/00119-depth.png 0.491918 0.552474 -0.436876 0.87909 0.464918 -0.0320297 -0.100126
/14/00120-depth.png 0.500964 0.553542 -0.43735 0.878073 0.466151 -0.0361947 -0.10189
/14/00121-depth.png 0.508231 0.553856 -0.439246 0.877217 0.466923 -0.0374635 -0.105208
/14/00122-depth.png 0.516035 0.553327 -0.441692 0.875002 0.469565 -0.0395087 -0.110996
/14/00123-depth.png 0.517293 0.555249 -0.441218 0.874242 0.471105 -0.0399251 -0.110308
/14/00124-depth.png 0.528255 0.557259 -0.438355 0.872751 0.473231 -0.0442851 -0.111345
/14/00125-depth.png 0.531296 0.556764 -0.438052 0.87326 0.472217 -0.0453391 -0.111228
/14/00126-depth.png 0.531497 0.55718 -0.439573 0.875103 0.468872 -0.0455246 -0.110822
/14/00127-depth.png 0.537259 0.555517 -0.441385 0.875603 0.467556 -0.0478046 -0.111465
/14/00128-depth.png 0.545171 0.555982 -0.440213 0.875122 0.468735 -0.0490373 -0.109747
/14/00129-depth.png 0.549668 0.557262 -0.440165 0.875141 0.469123 -0.0486668 -0.10809
/14/00130-depth.png 0.552642 0.558 -0.439111 0.875316 0.46868 -0.04955 -0.108188
/14/00131-depth.png 0.558832 0.557409 -0.441109 0.876073 0.467251 -0.0486464 -0.108657
/14/00132-depth.png 0.561782 0.558052 -0.44132 0.875712 0.468064 -0.0466854 -0.10893
/14/00133-depth.png 0.561782 0.558052 -0.44132 0.875712 0.468064 -0.0466854 -0.10893
/14/00134-depth.png 0.568954 0.560467 -0.438992 0.874247 0.470146 -0.0465293 -0.111755
/14/00135-depth.png 0.572032 0.560368 -0.443409 0.873547 0.470547 -0.0454312 -0.115918
/14/00136-depth.png 0.573814 0.561972 -0.441909 0.8727 0.471828 -0.0450051 -0.11725
/14/00137-depth.png 0.583033 0.563363 -0.441418 0.871269 0.473141 -0.0471326 -0.121683
/14/00138-depth.png 0.58449 0.563107 -0.443668 0.871228 0.472311 -0.0466485 -0.125333
/14/00139-depth.png 0.592893 0.567435 -0.440022 0.865984 0.479106 -0.0433608 -0.136558
/14/00140-depth.png 0.605681 0.567097 -0.430776 0.859189 0.487908 -0.04707 -0.14671
/14/00141-depth.png 0.598732 0.562922 -0.444511 0.863129 0.481583 -0.0448451 -0.14517
/14/00142-depth.png 0.608739 0.557025 -0.45118 0.859679 0.483791 -0.055734 -0.154243
/14/00143-depth.png 0.615864 0.553185 -0.450187 0.858509 0.48374 -0.0629193 -0.15811
/14/00144-depth.png 0.615801 0.551511 -0.452129 0.858602 0.482988 -0.0638801 -0.159512
/14/00145-depth.png 0.623432 0.545974 -0.451006 0.856537 0.482981 -0.0719078 -0.167041
/14/00146-depth.png 0.628812 0.543695 -0.449867 0.855052 0.484142 -0.0754117 -0.169726
/14/00147-depth.png 0.631551 0.542073 -0.448777 0.854107 0.484864 -0.0769159 -0.171731
/14/00148-depth.png 0.632886 0.539972 -0.449886 0.853934 0.484223 -0.0780898 -0.173861
/14/00149-depth.png 0.6313 0.540486 -0.450216 0.85415 0.483993 -0.077874 -0.173537
/14/00150-depth.png 0.635721 0.537254 -0.44907 0.853668 0.483308 -0.0797276 -0.17694
/14/00151-depth.png 0.639943 0.535819 -0.449072 0.852343 0.484026 -0.0799576 -0.181208
/14/00152-depth.png 0.643764 0.534003 -0.450398 0.85153 0.484433 -0.079415 -0.184162
/14/00153-depth.png 0.645138 0.533392 -0.452473 0.851548 0.48387 -0.0789153 -0.185764
/14/00154-depth.png 0.645138 0.533392 -0.452473 0.851548 0.48387 -0.0789153 -0.185764
/14/00155-depth.png 0.651377 0.534842 -0.450697 0.84878 0.485607 -0.0821307 -0.192385
/14/00156-depth.png 0.6546 0.535201 -0.449834 0.848291 0.485469 -0.0839785 -0.194088
/14/00157-depth.png 0.660021 0.535133 -0.44937 0.847016 0.484451 -0.0864309 -0.201
/14/00158-depth.png 0.662564 0.535187 -0.450492 0.846649 0.484371 -0.0866645 -0.202632
/14/00159-depth.png 0.667716 0.536917 -0.447985 0.846467 0.48387 -0.0879218 -0.204045
/14/00160-depth.png 0.673007 0.536085 -0.448632 0.846954 0.481099 -0.0894791 -0.207862
/14/00161-depth.png 0.679428 0.537489 -0.448162 0.846419 0.48115 -0.0886601 -0.210261
/14/00162-depth.png 0.680145 0.538503 -0.449936 0.846923 0.479988 -0.0874834 -0.211378
/14/00163-depth.png 0.684555 0.540515 -0.448925 0.846167 0.479838 -0.0891515 -0.21403
/14/00164-depth.png 0.687002 0.541505 -0.448575 0.846519 0.478638 -0.0907955 -0.214634
/14/00165-depth.png 0.693209 0.541872 -0.448108 0.846312 0.476896 -0.0933504 -0.218204
/14/00166-depth.png 0.697788 0.542235 -0.450972 0.845683 0.475729 -0.092441 -0.223511
/14/00167-depth.png 0.714729 0.543729 -0.449302 0.843632 0.477238 -0.0924598 -0.22799
/14/00168-depth.png 0.723242 0.543477 -0.447314 0.843987 0.47678 -0.0902853 -0.228508
/14/00169-depth.png 0.730427 0.543224 -0.44724 0.84464 0.475641 -0.0864233 -0.229955
/14/00170-depth.png 0.744581 0.538113 -0.44981 0.844827 0.475574 -0.0840194 -0.2303
/14/00171-depth.png 0.751717 0.537088 -0.448881 0.843507 0.478696 -0.0822287 -0.229313
/14/00172-depth.png 0.755536 0.53545 -0.451042 0.843988 0.478232 -0.0815639 -0.228749
/14/00173-depth.png 0.762501 0.533409 -0.450691 0.843331 0.480537 -0.0802328 -0.226802
/14/00174-depth.png 0.766069 0.532893 -0.449457 0.842751 0.48182 -0.0802663 -0.226225
/14/00175-depth.png 0.770855 0.52893 -0.453853 0.843494 0.481096 -0.0789668 -0.225454
/14/00176-depth.png 0.771714 0.527169 -0.453878 0.843166 0.481726 -0.0783743 -0.225542
/14/00177-depth.png 0.77241 0.527071 -0.453034 0.841914 0.483297 -0.0792744 -0.226541
/14/00178-depth.png 0.781319 0.521202 -0.450777 0.838691 0.485704 -0.0848323 -0.231286
/14/00179-depth.png 0.789001 0.515624 -0.449857 0.834919 0.489014 -0.0778677 -0.240234
/14/00180-depth.png 0.793417 0.505151 -0.445958 0.836132 0.482818 -0.0833485 -0.246623
/14/00181-depth.png 0.796063 0.50137 -0.444798 0.834897 0.48283 -0.0847709 -0.250271
/14/00182-depth.png 0.801489 0.490334 -0.44694 0.828936 0.485547 -0.0867301 -0.263792
/14/00183-depth.png 0.808887 0.483116 -0.445756 0.82651 0.485553 -0.0895219 -0.270379
/14/00184-depth.png 0.830262 0.465065 -0.44157 0.82336 0.484675 -0.0889508 -0.281527
/14/00185-depth.png 0.838362 0.455963 -0.43821 0.822319 0.482427 -0.0865827 -0.289067
/14/00186-depth.png 0.838362 0.455963 -0.43821 0.822319 0.482427 -0.0865827 -0.289067
/14/00187-depth.png 0.850706 0.442044 -0.434331 0.824144 0.476857 -0.0928229 -0.291165
/14/00188-depth.png 0.859401 0.43221 -0.432954 0.823774 0.473663 -0.101159 -0.29463
/14/00189-depth.png 0.863353 0.427619 -0.432388 0.822332 0.473482 -0.104229 -0.297863
/14/00190-depth.png 0.869991 0.419911 -0.431663 0.818956 0.474983 -0.108902 -0.303054
/14/00191-depth.png 0.873318 0.4162 -0.429994 0.816959 0.475963 -0.112008 -0.305764
/14/00192-depth.png 0.880506 0.409347 -0.42665 0.813887 0.475689 -0.117951 -0.312081
/14/00193-depth.png 0.888323 0.402446 -0.42176 0.811983 0.474399 -0.12306 -0.316994
/14/00194-depth.png 0.890834 0.398639 -0.420571 0.811254 0.472962 -0.124866 -0.320285
/14/00195-depth.png 0.890834 0.398639 -0.420571 0.811254 0.472962 -0.124866 -0.320285
/14/00196-depth.png 0.907713 0.379278 -0.419979 0.807821 0.471498 -0.13389 -0.327398
/14/00197-depth.png 0.915452 0.37219 -0.420023 0.805333 0.472489 -0.143324 -0.328101
/14/00198-depth.png 0.922512 0.366179 -0.424339 0.803678 0.474018 -0.146082 -0.328738
/14/00199-depth.png 0.939337 0.360274 -0.424644 0.799379 0.480652 -0.152612 -0.326614
/14/00200-depth.png 0.945007 0.357596 -0.426082 0.798124 0.481118 -0.154653 -0.328034
/14/00201-depth.png 0.954263 0.355806 -0.42154 0.796919 0.482916 -0.158271 -0.326592
/14/00202-depth.png 0.957838 0.351588 -0.421401 0.800659 0.477998 -0.158861 -0.324384
/14/00203-depth.png 0.958863 0.348804 -0.423136 0.80105 0.476331 -0.15809 -0.326243
/14/00204-depth.png 0.919767 0.425548 -0.404201 0.797862 0.520435 -0.103775 -0.285997
/14/00205-depth.png 0.919767 0.425548 -0.404201 0.797862 0.520435 -0.103775 -0.285997
/14/00206-depth.png 0.968615 0.340671 -0.417395 0.795694 0.47927 -0.158299 -0.334831
/14/00207-depth.png 0.969415 0.337213 -0.416794 0.7955 0.47775 -0.159825 -0.336736
/14/00208-depth.png 0.974046 0.331552 -0.414844 0.793348 0.477673 -0.163026 -0.340367
/14/00209-depth.png 0.976133 0.330041 -0.414562 0.792219 0.478257 -0.163763 -0.34182
/14/00210-depth.png 0.980147 0.323376 -0.414226 0.791351 0.475951 -0.166525 -0.345692
/14/00211-depth.png 0.982192 0.32034 -0.414452 0.789137 0.476765 -0.167534 -0.349128
/14/00212-depth.png 0.986062 0.315339 -0.415031 0.785939 0.477016 -0.167975 -0.355725
/14/00213-depth.png 0.992666 0.310654 -0.41524 0.781484 0.477549 -0.169332 -0.364082
/14/00214-depth.png 0.995638 0.305926 -0.416225 0.781251 0.473319 -0.172087 -0.368786
/14/00215-depth.png 1.00004 0.301002 -0.414528 0.776817 0.473823 -0.175251 -0.375945
/14/00216-depth.png 1.00429 0.300019 -0.415055 0.775283 0.473899 -0.176432 -0.378455
/14/00217-depth.png 1.00934 0.295544 -0.412549 0.772498 0.47277 -0.180102 -0.383794
/14/00218-depth.png 1.01181 0.293607 -0.4125 0.772337 0.471316 -0.181203 -0.385385
/14/00219-depth.png 1.01311 0.29233 -0.412589 0.77225 0.470369 -0.181731 -0.386468
/14/00220-depth.png 1.01823 0.289167 -0.41076 0.771059 0.469507 -0.184409 -0.388619
/14/00221-depth.png 1.01823 0.289167 -0.41076 0.771059 0.469507 -0.184409 -0.388619
/14/00222-depth.png 1.02685 0.283325 -0.411375 0.769254 0.467079 -0.188738 -0.393019
/14/00223-depth.png 1.0283 0.281749 -0.410046 0.768563 0.467305 -0.188455 -0.394235
/14/00224-depth.png 1.04047 0.273316 -0.408584 0.764668 0.468731 -0.190592 -0.399059
/14/00225-depth.png 1.04398 0.270082 -0.411028 0.764716 0.467055 -0.190878 -0.400792
/14/00226-depth.png 1.04981 0.268461 -0.408902 0.764633 0.468426 -0.188758 -0.400355
/14/00227-depth.png 1.05344 0.265683 -0.410481 0.763928 0.46867 -0.186552 -0.402444
/14/00228-depth.png 1.05545 0.264208 -0.410028 0.762955 0.469327 -0.186018 -0.403768
/14/00229-depth.png 1.07112 0.260083 -0.413761 0.75844 0.472081 -0.179822 -0.411792
/14/00230-depth.png 1.06935 0.261272 -0.413031 0.758982 0.472423 -0.175476 -0.412275
/14/00231-depth.png 1.07189 0.262631 -0.413271 0.758498 0.472902 -0.173384 -0.4135
/14/00232-depth.png 1.07533 0.261709 -0.413621 0.757899 0.471348 -0.174644 -0.415836
/14/00233-depth.png 1.0774 0.260194 -0.415557 0.757544 0.470523 -0.175297 -0.417141
/14/00234-depth.png 1.08261 0.258487 -0.416439 0.756127 0.471846 -0.177295 -0.417371
/14/00235-depth.png 1.08648 0.256486 -0.418955 0.755875 0.472293 -0.178463 -0.416825
/14/00236-depth.png 1.08815 0.25618 -0.418448 0.755098 0.473531 -0.178625 -0.416759
/14/00237-depth.png 1.09059 0.253669 -0.41653 0.754592 0.473184 -0.18116 -0.416977
/14/00238-depth.png 1.09159 0.25215 -0.415353 0.754508 0.47135 -0.182836 -0.418471
/14/00239-depth.png 1.09265 0.246888 -0.415511 0.754262 0.466672 -0.185237 -0.423076
/14/00240-depth.png 1.09397 0.241067 -0.41646 0.751074 0.466969 -0.185325 -0.428349
/14/00241-depth.png 1.0951 0.233895 -0.418433 0.747347 0.46691 -0.188097 -0.433689
/14/00242-depth.png 1.09645 0.226489 -0.416918 0.742313 0.467341 -0.191625 -0.440276
/14/00243-depth.png 1.09645 0.226489 -0.416918 0.742313 0.467341 -0.191625 -0.440276
/14/00244-depth.png 1.09956 0.217171 -0.420132 0.736834 0.468051 -0.192512 -0.448267
/14/00245-depth.png 1.10294 0.209718 -0.420131 0.73378 0.468798 -0.19444 -0.451651
/14/00246-depth.png 1.10794 0.205228 -0.421129 0.732069 0.467193 -0.197102 -0.454924
/14/00247-depth.png 1.11574 0.191093 -0.421743 0.725578 0.465574 -0.194176 -0.468053
/14/00248-depth.png 1.12055 0.182614 -0.417752 0.724505 0.464178 -0.196742 -0.470026
/14/00249-depth.png 1.12241 0.177406 -0.419392 0.723698 0.462432 -0.197606 -0.472619
/14/00250-depth.png 1.12927 0.168317 -0.422143 0.722915 0.463148 -0.198172 -0.47288
/14/00251-depth.png 1.13152 0.165038 -0.41978 0.72285 0.464231 -0.198874 -0.471621
/14/00252-depth.png 1.13293 0.161226 -0.418216 0.722579 0.463988 -0.200368 -0.471644
/14/00253-depth.png 1.13293 0.161226 -0.418216 0.722579 0.463988 -0.200368 -0.471644
/14/00254-depth.png 1.1407 0.148329 -0.418455 0.722883 0.461345 -0.205459 -0.471581
/14/00255-depth.png 1.14586 0.142046 -0.418123 0.722671 0.460093 -0.208526 -0.471783
/14/00256-depth.png 1.14883 0.138124 -0.417507 0.722099 0.459447 -0.210108 -0.472584
/14/00257-depth.png 1.15196 0.133423 -0.418072 0.721375 0.458673 -0.210738 -0.474159
/14/00258-depth.png 1.163 0.116518 -0.419815 0.721016 0.455671 -0.208483 -0.478576
/14/00259-depth.png 1.1648 0.112758 -0.417963 0.721259 0.454902 -0.208707 -0.478843
/14/00260-depth.png 1.17464 0.100564 -0.417394 0.719322 0.452962 -0.210733 -0.482693
/14/00261-depth.png 1.17987 0.0941173 -0.416058 0.71792 0.454987 -0.210196 -0.48311
/14/00262-depth.png 1.19377 0.0758081 -0.418631 0.716986 0.454184 -0.210478 -0.485126
/14/00263-depth.png 1.20995 0.0629778 -0.415662 0.715713 0.451604 -0.220101 -0.485143
/14/00264-depth.png 1.21104 0.0572003 -0.422437 0.713751 0.449094 -0.215527 -0.492364
/14/00265-depth.png 1.22231 0.056287 -0.419111 0.709278 0.45825 -0.222765 -0.487142
/14/00266-depth.png 1.22099 0.059497 -0.418391 0.710498 0.453613 -0.221008 -0.490493
/14/00267-depth.png 1.22277 0.0601369 -0.421054 0.70909 0.456151 -0.217668 -0.491669
/14/00268-depth.png 1.22589 0.0626336 -0.421583 0.708573 0.459487 -0.214394 -0.490745
/14/00269-depth.png 1.22771 0.0636169 -0.422005 0.709506 0.458757 -0.214253 -0.490142
/14/00270-depth.png 1.22771 0.0636169 -0.422005 0.709506 0.458757 -0.214253 -0.490142
/14/00271-depth.png 1.23468 0.0706546 -0.422009 0.712398 0.458777 -0.209881 -0.487814
/14/00272-depth.png 1.24022 0.0738046 -0.422005 0.712824 0.45795 -0.210733 -0.487601
/14/00273-depth.png 1.2519 0.0662639 -0.421847 0.713017 0.452792 -0.21678 -0.489482
/14/00274-depth.png 1.2467 0.0707064 -0.424506 0.714001 0.454748 -0.210256 -0.489079
/14/00275-depth.png 1.25336 0.0739734 -0.419845 0.717583 0.460161 -0.207685 -0.479784
/14/00276-depth.png 1.26685 0.0623279 -0.412915 0.718546 0.454537 -0.219223 -0.47857
/14/00277-depth.png 1.26248 0.0582595 -0.414317 0.721822 0.448355 -0.216491 -0.48071
/14/00278-depth.png 1.26302 0.0503732 -0.411584 0.720443 0.446162 -0.218686 -0.483815
/14/00279-depth.png 1.25579 0.048213 -0.408127 0.72061 0.446334 -0.21681 -0.484252
/14/00280-depth.png 1.25474 0.0430147 -0.406906 0.71919 0.445302 -0.219391 -0.486147
/14/00281-depth.png 1.25407 0.0374765 -0.405618 0.71717 0.444214 -0.221754 -0.489046
/14/00282-depth.png 1.26367 0.0155264 -0.404422 0.711137 0.439413 -0.232067 -0.497338
/14/00283-depth.png 1.26121 0.0103981 -0.405554 0.709378 0.438263 -0.230409 -0.501617
/14/00284-depth.png 1.25342 -0.00241202 -0.406936 0.701059 0.441107 -0.225578 -0.51289
/14/00285-depth.png 1.25408 -0.0105939 -0.406516 0.699743 0.439819 -0.226309 -0.515464
/14/00286-depth.png 1.26457 -0.0385018 -0.404781 0.696165 0.434877 -0.236227 -0.520031
/14/00287-depth.png 1.26303 -0.0512491 -0.402584 0.696098 0.432964 -0.23581 -0.521904
/14/00288-depth.png 1.25511 -0.0466766 -0.402015 0.697992 0.434933 -0.228496 -0.520989
/14/00289-depth.png 1.26183 -0.0619162 -0.399307 0.69562 0.432545 -0.236878 -0.522404
/14/00290-depth.png 1.26325 -0.0796443 -0.399691 0.695064 0.428229 -0.240888 -0.524861
/14/00291-depth.png 1.26156 -0.0816587 -0.398798 0.695168 0.42906 -0.239988 -0.524456
/14/00292-depth.png 1.25696 -0.0843808 -0.398131 0.694158 0.431566 -0.235559 -0.525744
/14/00293-depth.png 1.25774 -0.0916696 -0.395626 0.691327 0.43272 -0.237299 -0.52774
/14/00294-depth.png 1.25843 -0.101216 -0.392539 0.689249 0.429839 -0.240755 -0.531235
/14/00295-depth.png 1.26743 -0.129249 -0.391675 0.685694 0.422572 -0.251646 -0.536593
/14/00296-depth.png 1.26743 -0.129249 -0.391675 0.685694 0.422572 -0.251646 -0.536593
/14/00297-depth.png 1.26199 -0.124974 -0.39271 0.690434 0.425725 -0.241522 -0.532659
/14/00298-depth.png 1.26843 -0.136133 -0.388309 0.68941 0.425306 -0.248892 -0.530925
/14/00299-depth.png 1.26639 -0.141829 -0.391394 0.691685 0.425046 -0.245776 -0.529624
/14/00300-depth.png 1.26975 -0.151768 -0.391765 0.689797 0.426951 -0.246038 -0.530432
/14/00301-depth.png 1.27088 -0.155132 -0.391691 0.689255 0.428258 -0.245247 -0.530449
/14/00302-depth.png 1.2734 -0.159856 -0.390108 0.688842 0.429194 -0.244791 -0.53044
/14/00303-depth.png 1.2734 -0.159856 -0.390108 0.688842 0.429194 -0.244791 -0.53044
/14/00304-depth.png 1.27589 -0.177519 -0.388667 0.68698 0.425533 -0.249905 -0.533411
/14/00305-depth.png 1.27636 -0.180755 -0.391182 0.684802 0.427629 -0.249822 -0.534574
/14/00306-depth.png 1.27636 -0.180755 -0.391182 0.684802 0.427629 -0.249822 -0.534574
/14/00307-depth.png 1.27636 -0.180755 -0.391182 0.684802 0.427629 -0.249822 -0.534574
/14/00308-depth.png 1.27616 -0.186459 -0.393707 0.680711 0.42924 -0.250825 -0.538026
/14/00309-depth.png 1.27943 -0.192059 -0.394189 0.682244 0.428644 -0.251087 -0.536435
/14/00310-depth.png 1.28079 -0.194428 -0.394643 0.682415 0.427941 -0.25111 -0.536768
/14/00311-depth.png 1.28522 -0.203282 -0.395307 0.683212 0.42783 -0.248182 -0.537204
/14/00312-depth.png 1.29184 -0.220941 -0.391975 0.679926 0.425298 -0.255923 -0.539746
/14/00313-depth.png 1.29509 -0.218389 -0.390324 0.680611 0.429783 -0.251199 -0.537545
/14/00314-depth.png 1.29054 -0.205575 -0.39421 0.685699 0.432723 -0.239367 -0.534108
/14/00315-depth.png 1.29958 -0.218936 -0.391484 0.68567 0.426499 -0.250078 -0.534244
/14/00316-depth.png 1.30126 -0.217843 -0.386996 0.684909 0.42585 -0.254451 -0.533673
/14/00317-depth.png 1.30164 -0.208994 -0.391533 0.687208 0.428354 -0.246487 -0.532449
/14/00318-depth.png 1.30608 -0.219406 -0.385859 0.684229 0.426653 -0.253959 -0.534137
/14/00319-depth.png 1.30412 -0.208744 -0.388057 0.686855 0.429195 -0.246649 -0.532152
/14/00320-depth.png 1.30484 -0.209648 -0.388131 0.686662 0.428931 -0.247101 -0.532404
/14/00321-depth.png 1.31521 -0.223801 -0.378623 0.681982 0.429718 -0.255491 -0.533823
/14/00322-depth.png 1.32187 -0.223351 -0.371298 0.683094 0.429958 -0.256283 -0.531824
/14/00323-depth.png 1.31551 -0.207384 -0.375101 0.686739 0.431947 -0.24595 -0.530396
/14/00324-depth.png 1.31895 -0.208696 -0.371504 0.68393 0.433029 -0.248654 -0.53188
/14/00325-depth.png 1.32603 -0.219116 -0.364039 0.680336 0.435304 -0.256106 -0.531096
/14/00326-depth.png 1.32646 -0.207238 -0.361666 0.680228 0.44317 -0.247932 -0.528602
/14/00327-depth.png 1.3309 -0.216085 -0.359346 0.677401 0.441048 -0.252994 -0.5316
/14/00328-depth.png 1.33242 -0.212365 -0.356856 0.67502 0.442456 -0.251854 -0.533994
/14/00329-depth.png 1.33242 -0.212365 -0.356856 0.67502 0.442456 -0.251854 -0.533994
/14/00330-depth.png 1.33242 -0.212365 -0.356856 0.67502 0.442456 -0.251854 -0.533994
/14/00331-depth.png 1.3336 -0.198657 -0.350939 0.673931 0.44579 -0.248957 -0.533956
/14/00332-depth.png 1.3366 -0.209309 -0.34702 0.670244 0.443878 -0.257117 -0.536317
/14/00333-depth.png 1.33429 -0.196406 -0.349247 0.670778 0.447392 -0.251559 -0.535365
/14/00334-depth.png 1.33766 -0.202786 -0.344138 0.668277 0.446577 -0.25701 -0.536583
/14/00335-depth.png 1.33957 -0.20212 -0.344316 0.669403 0.446073 -0.255192 -0.536465
/14/00336-depth.png 1.34141 -0.199216 -0.342945 0.671334 0.446614 -0.253166 -0.534559
/14/00337-depth.png 1.34231 -0.197697 -0.342192 0.67273 0.446701 -0.252293 -0.533142
/14/00338-depth.png 1.34231 -0.197697 -0.342192 0.67273 0.446701 -0.252293 -0.533142
/14/00339-depth.png 1.34616 -0.190795 -0.341083 0.675842 0.448537 -0.246554 -0.530343
/14/00340-depth.png 1.34847 -0.189344 -0.340489 0.678278 0.448379 -0.244712 -0.528216
/14/00341-depth.png 1.34986 -0.183198 -0.34018 0.681819 0.448977 -0.241762 -0.524494
/14/00342-depth.png 1.35469 -0.176886 -0.337463 0.685711 0.450721 -0.241633 -0.517943
/14/00343-depth.png 1.34986 -0.162923 -0.342569 0.689802 0.452402 -0.232468 -0.515232
/14/00344-depth.png 1.34986 -0.162923 -0.342569 0.689802 0.452402 -0.232468 -0.515232
/14/00345-depth.png 1.35517 -0.15247 -0.342626 0.690517 0.457311 -0.23293 -0.509703
/14/00346-depth.png 1.35218 -0.135739 -0.345681 0.693408 0.460009 -0.226516 -0.506229
/14/00347-depth.png 1.35713 -0.138034 -0.340998 0.693273 0.460839 -0.231709 -0.503299
/14/00348-depth.png 1.35783 -0.132885 -0.340835 0.69574 0.461949 -0.230316 -0.499502
/14/00349-depth.png 1.35935 -0.114624 -0.342152 0.701099 0.46682 -0.223906 -0.490312
/14/00350-depth.png 1.35911 -0.110246 -0.343777 0.702343 0.467905 -0.221816 -0.488443
/14/00351-depth.png 1.36261 -0.0990246 -0.344103 0.706363 0.468976 -0.219247 -0.482746
/14/00352-depth.png 1.36624 -0.0963201 -0.34525 0.709281 0.470196 -0.216411 -0.478543
/14/00353-depth.png 1.36763 -0.0927766 -0.344391 0.711091 0.471626 -0.214692 -0.475212
/14/00354-depth.png 1.37012 -0.0850242 -0.34342 0.715346 0.474219 -0.210769 -0.467944
/14/00355-depth.png 1.37303 -0.084681 -0.342524 0.716618 0.474431 -0.209705 -0.466259
/14/00356-depth.png 1.37769 -0.0812194 -0.34228 0.720678 0.475643 -0.206562 -0.46013
/14/00357-depth.png 1.37847 -0.0774381 -0.343935 0.722961 0.475929 -0.20244 -0.45808
/14/00358-depth.png 1.3816 -0.0692193 -0.341 0.726607 0.478497 -0.197117 -0.451916
/14/00359-depth.png 1.38674 -0.0686848 -0.339406 0.727837 0.478617 -0.197779 -0.449514
/14/00360-depth.png 1.38666 -0.0578848 -0.337435 0.731936 0.480255 -0.19264 -0.443301
/14/00361-depth.png 1.38967 -0.0563803 -0.33561 0.73375 0.480025 -0.19274 -0.440499
/14/00362-depth.png 1.38693 -0.0450061 -0.337377 0.738107 0.481299 -0.184788 -0.435205
/14/00363-depth.png 1.38873 -0.0387653 -0.337837 0.740286 0.481966 -0.181314 -0.432215
/14/00364-depth.png 1.38942 -0.0295295 -0.335564 0.742067 0.48521 -0.176789 -0.427379
/14/00365-depth.png 1.39213 -0.0239742 -0.336297 0.744218 0.48447 -0.175844 -0.424862
/14/00366-depth.png 1.39121 -0.0113212 -0.335254 0.74864 0.484976 -0.173113 -0.417574
/14/00367-depth.png 1.39401 -0.00959104 -0.33567 0.749275 0.48492 -0.174187 -0.41605
/14/00368-depth.png 1.39267 -0.00112534 -0.335441 0.750542 0.485413 -0.173725 -0.413377
/14/00369-depth.png 1.39225 0.00223827 -0.335897 0.751036 0.485719 -0.173483 -0.412221
/14/00370-depth.png 1.39225 0.00223827 -0.335897 0.751036 0.485719 -0.173483 -0.412221
/14/00371-depth.png 1.38889 0.0122591 -0.337771 0.750192 0.487015 -0.174043 -0.411991
/14/00372-depth.png 1.37683 0.0227806 -0.344519 0.749569 0.48777 -0.168548 -0.414511
/14/00373-depth.png 1.37328 0.0254354 -0.346575 0.750602 0.486463 -0.16789 -0.414444
/14/00374-depth.png 1.37498 0.0286671 -0.340651 0.748982 0.48756 -0.175649 -0.412867
/14/00375-depth.png 1.36577 0.0362074 -0.341274 0.747167 0.488428 -0.173261 -0.416125
/14/00376-depth.png 1.35677 0.0418664 -0.347468 0.74943 0.48365 -0.168711 -0.419492
/14/00377-depth.png 1.35942 0.0415245 -0.33473 0.749766 0.480832 -0.180158 -0.417366
/14/00378-depth.png 1.35428 0.0451496 -0.332111 0.750307 0.48035 -0.180226 -0.41692
/14/00379-depth.png 1.34725 0.0493224 -0.331479 0.752195 0.478182 -0.177721 -0.417084
/14/00380-depth.png 1.34049 0.0525026 -0.33191 0.753542 0.476597 -0.176473 -0.416998
/14/00381-depth.png 1.33622 0.0558901 -0.326185 0.755459 0.476005 -0.178095 -0.4135
/14/00382-depth.png 1.33622 0.0558901 -0.326185 0.755459 0.476005 -0.178095 -0.4135
/14/00383-depth.png 1.30981 0.0694076 -0.319939 0.763954 0.469166 -0.175282 -0.406859
/14/00384-depth.png 1.30925 0.0693648 -0.318392 0.764698 0.468065 -0.17627 -0.406301
/14/00385-depth.png 1.2957 0.0777314 -0.32658 0.766967 0.467289 -0.168663 -0.406146
/14/00386-depth.png 1.29229 0.0806763 -0.328494 0.767976 0.466816 -0.167534 -0.405251
/14/00387-depth.png 1.29228 0.0863334 -0.318155 0.767298 0.470987 -0.174785 -0.398592
/14/00388-depth.png 1.27812 0.0939633 -0.326829 0.770876 0.467525 -0.165907 -0.399555
/14/00389-depth.png 1.26744 0.104501 -0.327321 0.77398 0.466831 -0.162406 -0.395788
/14/00390-depth.png 1.26155 0.112384 -0.328036 0.776167 0.466239 -0.160386 -0.393017
/14/00391-depth.png 1.25941 0.119433 -0.321225 0.777818 0.466294 -0.16212 -0.388956
/14/00392-depth.png 1.25489 0.122263 -0.327481 0.779612 0.463796 -0.156833 -0.390515
/14/00393-depth.png 1.25038 0.129604 -0.327438 0.78115 0.463915 -0.153988 -0.388426
/14/00394-depth.png 1.24575 0.137324 -0.327772 0.783585 0.463054 -0.152176 -0.385251
/14/00395-depth.png 1.24413 0.140152 -0.329535 0.784904 0.46169 -0.151565 -0.384441
/14/00396-depth.png 1.23935 0.153646 -0.330513 0.789479 0.459628 -0.147515 -0.379083
/14/00397-depth.png 1.24029 0.157014 -0.324175 0.790054 0.46096 -0.150709 -0.37499
/14/00398-depth.png 1.24352 0.157122 -0.323105 0.790451 0.459886 -0.152808 -0.374622
/14/00399-depth.png 1.23392 0.163992 -0.329351 0.793341 0.458203 -0.143917 -0.374096
/14/00400-depth.png 1.24071 0.167257 -0.324819 0.792772 0.460639 -0.150935 -0.369518
/14/00401-depth.png 1.23566 0.171956 -0.328223 0.792555 0.462548 -0.150512 -0.367767
/14/00402-depth.png 1.23051 0.175436 -0.330046 0.79153 0.464332 -0.148089 -0.368709
/14/00403-depth.png 1.22763 0.17743 -0.332554 0.791264 0.464557 -0.147343 -0.369296
/14/00404-depth.png 1.22177 0.180219 -0.336201 0.7916 0.463969 -0.144515 -0.370429
/14/00405-depth.png 1.22358 0.181406 -0.332766 0.791592 0.463131 -0.150771 -0.368999
/14/00406-depth.png 1.21446 0.18468 -0.335684 0.792653 0.460966 -0.146137 -0.37129
/14/00407-depth.png 1.21518 0.185945 -0.331784 0.791076 0.46238 -0.146799 -0.372629
/14/00408-depth.png 1.21423 0.186427 -0.332124 0.790888 0.46154 -0.145455 -0.374593
/14/00409-depth.png 1.21274 0.186107 -0.333915 0.790929 0.460918 -0.143646 -0.375969
/14/00410-depth.png 1.2144 0.185447 -0.334725 0.792463 0.460101 -0.142799 -0.374055
/14/00411-depth.png 1.22021 0.183565 -0.332086 0.792995 0.461034 -0.143933 -0.371336
/14/00412-depth.png 1.22021 0.183565 -0.332086 0.792995 0.461034 -0.143933 -0.371336
/14/00413-depth.png 1.21745 0.185951 -0.32885 0.794287 0.462936 -0.140166 -0.367631
/14/00414-depth.png 1.21536 0.186051 -0.33353 0.795846 0.460296 -0.138013 -0.368387
/14/00415-depth.png 1.21664 0.188964 -0.326916 0.796397 0.463224 -0.143351 -0.361422
/14/00416-depth.png 1.21549 0.194236 -0.324899 0.799904 0.462897 -0.140218 -0.355272
/14/00417-depth.png 1.20929 0.197958 -0.330619 0.801814 0.46097 -0.133363 -0.356112
/14/00418-depth.png 1.20664 0.204432 -0.328893 0.802835 0.462373 -0.131547 -0.35265
/14/00419-depth.png 1.20337 0.208967 -0.330088 0.806141 0.460467 -0.130471 -0.347971
/14/00420-depth.png 1.20223 0.209881 -0.327215 0.8058 0.462172 -0.130252 -0.34658
/14/00421-depth.png 1.19797 0.216559 -0.321084 0.804929 0.467015 -0.128519 -0.342739
/14/00422-depth.png 1.19166 0.223901 -0.321961 0.805838 0.469796 -0.124607 -0.338215
/14/00423-depth.png 1.18852 0.229672 -0.320357 0.807702 0.471174 -0.126582 -0.331042
/14/00424-depth.png 1.1843 0.239718 -0.318031 0.812559 0.471754 -0.122941 -0.319501
/14/00425-depth.png 1.17795 0.248732 -0.31946 0.816601 0.471115 -0.116696 -0.312403
/14/00426-depth.png 1.17637 0.25279 -0.317435 0.81815 0.471179 -0.116089 -0.308456
/14/00427-depth.png 1.16602 0.266171 -0.318723 0.821805 0.471819 -0.110377 -0.299732
/14/00428-depth.png 1.16352 0.271448 -0.318712 0.822016 0.473807 -0.107617 -0.297012
/14/00429-depth.png 1.15391 0.29288 -0.31997 0.825714 0.475773 -0.0986519 -0.286537
/14/00430-depth.png 1.14976 0.296434 -0.320001 0.82747 0.474925 -0.0963475 -0.283649
/14/00431-depth.png 1.1456 0.308057 -0.320424 0.829264 0.476315 -0.0908329 -0.277839
/14/00432-depth.png 1.13973 0.324618 -0.320575 0.832266 0.476803 -0.0824258 -0.270551
/14/00433-depth.png 1.12563 0.387667 -0.328305 0.841843 0.481517 -0.0594681 -0.236442
/14/00434-depth.png 1.12187 0.401144 -0.332169 0.843763 0.482278 -0.0548217 -0.229056
/14/00435-depth.png 1.11955 0.407593 -0.331583 0.844182 0.483674 -0.0539828 -0.224725
/14/00436-depth.png 1.11773 0.419407 -0.334101 0.845504 0.48436 -0.0544645 -0.218065
/14/00437-depth.png 1.11773 0.419407 -0.334101 0.845504 0.48436 -0.0544645 -0.218065
/14/00438-depth.png 1.11135 0.431798 -0.336641 0.845804 0.485969 -0.0533226 -0.213555
/14/00439-depth.png 1.10843 0.437701 -0.338035 0.846259 0.48606 -0.0531336 -0.211585
/14/00440-depth.png 1.1038 0.447882 -0.338481 0.846178 0.487218 -0.0533322 -0.209181
/14/00441-depth.png 1.10165 0.452469 -0.339215 0.846482 0.487085 -0.0530581 -0.208331
/14/00442-depth.png 1.09487 0.461555 -0.340213 0.847933 0.485867 -0.0497738 -0.20607
/14/00443-depth.png 1.09446 0.464739 -0.342513 0.848846 0.484217 -0.0480854 -0.206595
/14/00444-depth.png 1.09325 0.471753 -0.34207 0.848174 0.485008 -0.0437667 -0.208452
/14/00445-depth.png 1.09309 0.473574 -0.341768 0.848544 0.484897 -0.04236 -0.207493
/14/00446-depth.png 1.09436 0.48335 -0.334527 0.847887 0.488176 -0.040946 -0.202719
/14/00447-depth.png 1.09664 0.48916 -0.330554 0.850097 0.487182 -0.0390746 -0.196118
/14/00448-depth.png 1.09795 0.491819 -0.32791 0.851845 0.485959 -0.0388101 -0.191567
/14/00449-depth.png 1.09037 0.486423 -0.326416 0.857202 0.478522 -0.0211138 -0.189143
/14/00450-depth.png 1.06967 0.489729 -0.33116 0.855747 0.480524 -0.0264384 -0.189984
/14/00451-depth.png 1.06316 0.49171 -0.33234 0.857944 0.47745 -0.0286519 -0.187492
/14/00452-depth.png 1.05964 0.49246 -0.333872 0.856826 0.478802 -0.0282028 -0.189214
/14/00453-depth.png 1.05544 0.499173 -0.331863 0.853556 0.485392 -0.0261673 -0.187488
/14/00454-depth.png 1.05245 0.4712 -0.330926 0.855977 0.476677 -0.0443187 -0.195237
/14/00455-depth.png 1.04592 0.501145 -0.338409 0.853567 0.484376 -0.0422038 -0.18714
/14/00456-depth.png 1.02946 0.506531 -0.33646 0.852273 0.487177 -0.0432606 -0.185522
/14/00457-depth.png 1.02465 0.50776 -0.332898 0.851783 0.488488 -0.0433592 -0.184295
/14/00458-depth.png 1.01891 0.511625 -0.331372 0.852481 0.488522 -0.0459521 -0.18031
/14/00459-depth.png 0.995456 0.528115 -0.324563 0.857165 0.486286 -0.0476618 -0.162859
/14/00460-depth.png 0.99088 0.5301 -0.322865 0.857393 0.485698 -0.0468132 -0.163654
/14/00461-depth.png 0.967611 0.552781 -0.330408 0.856912 0.486873 -0.0444828 -0.163333
/14/00462-depth.png 0.959226 0.55621 -0.332798 0.856812 0.487519 -0.038836 -0.16337
/14/00463-depth.png 0.955049 0.564846 -0.324881 0.854608 0.493088 -0.0381472 -0.158283
/14/00464-depth.png 0.955049 0.564846 -0.324881 0.854608 0.493088 -0.0381472 -0.158283
/14/00465-depth.png 0.945789 0.565781 -0.333903 0.858072 0.487149 -0.0351904 -0.158619
/14/00466-depth.png 0.940851 0.569431 -0.335628 0.859834 0.485672 -0.0330629 -0.153995
/14/00467-depth.png 0.934369 0.577729 -0.337023 0.858148 0.48905 -0.0261204 -0.154043
/14/00468-depth.png 0.927412 0.581974 -0.33719 0.859439 0.487948 -0.0230345 -0.1508
/14/00469-depth.png 0.926156 0.582629 -0.337467 0.859925 0.487603 -0.0222608 -0.149254
/14/00470-depth.png 0.92288 0.595318 -0.323422 0.855468 0.497619 -0.0203629 -0.141896
/14/00471-depth.png 0.918005 0.586565 -0.334551 0.861882 0.486787 -0.0213918 -0.140499
/14/00472-depth.png 0.91521 0.599378 -0.318363 0.85602 0.49774 -0.0244588 -0.137426
/14/00473-depth.png 0.90828 0.603324 -0.316661 0.856025 0.498384 -0.0225581 -0.135377
/14/00474-depth.png 0.906531 0.603255 -0.313268 0.856214 0.497153 -0.0277892 -0.137708
/14/00475-depth.png 0.908937 0.602177 -0.312764 0.856121 0.496199 -0.0326496 -0.140629
/14/00476-depth.png 0.887192 0.593458 -0.326537 0.865606 0.481357 -0.0291039 -0.134816
/14/00477-depth.png 0.887192 0.593458 -0.326537 0.865606 0.481357 -0.0291039 -0.134816
/14/00478-depth.png 0.873252 0.593527 -0.323802 0.864617 0.483508 -0.0296698 -0.133329
/14/00479-depth.png 0.869768 0.592377 -0.322281 0.86483 0.483133 -0.0280856 -0.133653
/14/00480-depth.png 0.863421 0.595849 -0.323917 0.86481 0.482729 -0.0261813 -0.135615
/14/00481-depth.png 0.857383 0.593664 -0.321529 0.86399 0.482774 -0.0286118 -0.140117
/14/00482-depth.png 0.854588 0.593992 -0.320682 0.863677 0.482705 -0.0300448 -0.141969
/14/00483-depth.png 0.843551 0.590415 -0.31969 0.866467 0.475862 -0.0331584 -0.14728
/14/00484-depth.png 0.839599 0.590309 -0.321498 0.865634 0.477086 -0.0319056 -0.148489
/14/00485-depth.png 0.836446 0.593847 -0.328088 0.865311 0.477486 -0.0282891 -0.149814
/14/00486-depth.png 0.836446 0.593847 -0.328088 0.865311 0.477486 -0.0282891 -0.149814
/14/00487-depth.png 0.836446 0.593847 -0.328088 0.865311 0.477486 -0.0282891 -0.149814
/14/00488-depth.png 0.836246 0.599875 -0.317234 0.849656 0.503139 -0.0227256 -0.156269
/14/00489-depth.png 0.830622 0.594666 -0.335846 0.856913 0.492422 -0.0250557 -0.150307
/14/00490-depth.png 0.828964 0.596807 -0.335771 0.857268 0.493156 -0.0237978 -0.146023
/14/00491-depth.png 0.823392 0.597648 -0.339666 0.858322 0.491973 -0.0193258 -0.144477
/14/00492-depth.png 0.820358 0.600369 -0.32887 0.853379 0.500478 -0.0187327 -0.144621
/14/00493-depth.png 0.810815 0.601837 -0.342981 0.857274 0.49461 -0.0163135 -0.142041
/14/00494-depth.png 0.80377 0.605498 -0.3369 0.856307 0.496532 -0.0172384 -0.141057
/14/00495-depth.png 0.792568 0.606468 -0.343349 0.857796 0.493114 -0.0142571 -0.144295
/14/00496-depth.png 0.773079 0.609932 -0.344412 0.85871 0.491724 -0.0152764 -0.143498
/14/00497-depth.png 0.77031 0.612807 -0.336993 0.856159 0.496369 -0.015435 -0.142728
/14/00498-depth.png 0.77031 0.612807 -0.336993 0.856159 0.496369 -0.015435 -0.142728
/14/00499-depth.png 0.754724 0.616569 -0.340173 0.858252 0.494258 -0.0102472 -0.137869
/14/00500-depth.png 0.751496 0.618724 -0.338126 0.858518 0.494455 -0.0112465 -0.135408
/14/00501-depth.png 0.751496 0.618724 -0.338126 0.858518 0.494455 -0.0112465 -0.135408
/14/00502-depth.png 0.751496 0.618724 -0.338126 0.858518 0.494455 -0.0112465 -0.135408
/14/00503-depth.png 0.738568 0.627122 -0.334925 0.859409 0.495544 -0.00729725 -0.125694
/14/00504-depth.png 0.729474 0.630561 -0.340223 0.863586 0.489969 -0.00489494 -0.118848
/14/00505-depth.png 0.727444 0.632947 -0.331737 0.862127 0.493075 -0.00581601 -0.116532
/14/00506-depth.png 0.717211 0.637935 -0.330944 0.864585 0.490145 -0.00620605 -0.110513
/14/00507-depth.png 0.708737 0.641684 -0.336837 0.867292 0.486208 -0.00383604 -0.106731
/14/00508-depth.png 0.706187 0.64333 -0.338278 0.868039 0.485299 -0.00293285 -0.104805
/14/00509-depth.png 0.708544 0.643714 -0.329006 0.865633 0.489649 -0.00587805 -0.104347
/14/00510-depth.png 0.701351 0.647067 -0.33585 0.868905 0.485134 -0.0035532 -0.0981704
/14/00511-depth.png 0.69914 0.64812 -0.338001 0.869391 0.48474 -0.00200706 -0.0958261
/14/00512-depth.png 0.703734 0.650319 -0.32482 0.865114 0.4924 -0.00462195 -0.0953873
/14/00513-depth.png 0.695282 0.652657 -0.337487 0.869039 0.48619 0.00067122 -0.0915919
/14/00514-depth.png 0.691401 0.656752 -0.336676 0.868916 0.486934 0.00323702 -0.0887132
/14/00515-depth.png 0.696491 0.657347 -0.327625 0.866359 0.491327 0.000483017 -0.0895473
/14/00516-depth.png 0.690143 0.659751 -0.337862 0.869749 0.486076 0.00433862 -0.0851358
/14/00517-depth.png 0.688593 0.663388 -0.338754 0.869179 0.487753 0.00680095 -0.0811135
/14/00518-depth.png 0.679767 0.678238 -0.339075 0.86879 0.49048 0.0116375 -0.0670659
/14/00519-depth.png 0.682531 0.680714 -0.330551 0.86711 0.493565 0.00778635 -0.0667246
/14/00520-depth.png 0.680022 0.683682 -0.331988 0.867921 0.492319 0.00872347 -0.0652601
/14/00521-depth.png 0.676326 0.68742 -0.33368 0.868889 0.490744 0.0106417 -0.0639443
/14/00522-depth.png 0.670991 0.695713 -0.332821 0.869184 0.490959 0.0114074 -0.0578716
/14/00523-depth.png 0.659454 0.703054 -0.341389 0.871177 0.487814 0.0169579 -0.0529101
/14/00524-depth.png 0.664616 0.700644 -0.335892 0.868951 0.491494 0.0132844 -0.0563992
/14/00525-depth.png 0.658325 0.7059 -0.337409 0.866888 0.494664 0.0159362 -0.0596622
/14/00526-depth.png 0.654608 0.70855 -0.336777 0.86629 0.495594 0.0177873 -0.0600935
/14/00527-depth.png 0.650695 0.709942 -0.336209 0.866686 0.494723 0.0184912 -0.0613312
/14/00528-depth.png 0.646998 0.710339 -0.339007 0.868273 0.491917 0.0196145 -0.0611059
/14/00529-depth.png 0.651856 0.708737 -0.331594 0.866945 0.494631 0.0155482 -0.0592058
/14/00530-depth.png 0.654574 0.708884 -0.328842 0.866416 0.496241 0.0160812 -0.053009
/14/00531-depth.png 0.654574 0.708884 -0.328842 0.866416 0.496241 0.0160812 -0.053009
/14/00532-depth.png 0.638129 0.709212 -0.344525 0.869439 0.490813 0.0259317 -0.0500596
/14/00533-depth.png 0.636369 0.709359 -0.343555 0.868989 0.491668 0.0261265 -0.0493852
/14/00534-depth.png 0.644395 0.70552 -0.333908 0.86679 0.495614 0.0198677 -0.0514557
/14/00535-depth.png 0.635886 0.702421 -0.330598 0.865324 0.498568 0.0190553 -0.047766
/14/00536-depth.png 0.634031 0.700628 -0.329496 0.864186 0.500427 0.0200028 -0.0485419
/14/00537-depth.png 0.614487 0.693399 -0.329962 0.866178 0.497385 0.0229556 -0.0426113
/14/00538-depth.png 0.58895 0.689222 -0.341187 0.872937 0.485639 0.0353978 -0.0297174
/14/00539-depth.png 0.584248 0.690275 -0.340914 0.872788 0.485921 0.0381385 -0.0258258
/14/00540-depth.png 0.590986 0.685656 -0.334287 0.870996 0.489473 0.0333916 -0.0258203
/14/00541-depth.png 0.583864 0.687119 -0.333444 0.869108 0.492741 0.0359578 -0.0237834
/14/00542-depth.png 0.581121 0.686043 -0.334972 0.868697 0.493338 0.0375368 -0.0239403
/14/00543-depth.png 0.568491 0.68303 -0.335815 0.868721 0.49331 0.0401426 -0.0188879
/14/00544-depth.png 0.554399 0.683248 -0.345588 0.872034 0.487 0.0469356 -0.0135858
/14/00545-depth.png 0.54373 0.682933 -0.345825 0.872537 0.485894 0.0496103 -0.0111611
/14/00546-depth.png 0.54373 0.682933 -0.345825 0.872537 0.485894 0.0496103 -0.0111611
/14/00547-depth.png 0.533171 0.679557 -0.346425 0.873505 0.483885 0.0522581 -0.0106395
/14/00548-depth.png 0.533406 0.677688 -0.344478 0.8735 0.484097 0.0500634 -0.0118798
/14/00549-depth.png 0.525682 0.675584 -0.3448 0.874418 0.482445 0.0503637 -0.0101726
/14/00550-depth.png 0.519803 0.676334 -0.343527 0.874475 0.482211 0.0520952 -0.00718406
/14/00551-depth.png 0.525559 0.67417 -0.331915 0.872831 0.485837 0.0453934 -0.00826716
/14/00552-depth.png 0.516668 0.670036 -0.334401 0.875188 0.481609 0.0453631 -0.00636156
/14/00553-depth.png 0.498957 0.667912 -0.34125 0.877957 0.476253 0.0487235 -0.000797649
/14/00554-depth.png 0.498957 0.667912 -0.34125 0.877957 0.476253 0.0487235 -0.000797649
/14/00555-depth.png 0.498957 0.667912 -0.34125 0.877957 0.476253 0.0487235 -0.000797649
/14/00556-depth.png 0.504302 0.666987 -0.326173 0.873798 0.484674 0.0396027 -0.000638617
/14/00557-depth.png 0.485588 0.661815 -0.339171 0.877792 0.476764 0.0462999 0.00585271
/14/00558-depth.png 0.478862 0.660245 -0.336916 0.877634 0.476942 0.0465865 0.010724
/14/00559-depth.png 0.474833 0.658415 -0.338411 0.878113 0.475941 0.0473629 0.0123938
/14/00560-depth.png 0.471175 0.654523 -0.337706 0.878077 0.476185 0.0453436 0.0131482
/14/00561-depth.png 0.463511 0.652662 -0.33798 0.878574 0.475183 0.0450324 0.0167568
/14/00562-depth.png 0.476721 0.650832 -0.328196 0.875469 0.481737 0.0367662 0.0114793
/14/00563-depth.png 0.457593 0.647222 -0.340408 0.87856 0.475043 0.0468421 0.0165019
/14/00564-depth.png 0.465517 0.645248 -0.33434 0.875375 0.481516 0.0412731 0.0125614
/14/00565-depth.png 0.448597 0.643386 -0.342662 0.877235 0.477182 0.0496831 0.0169589
/14/00566-depth.png 0.442896 0.641913 -0.346282 0.877836 0.475759 0.05224 0.0181132
/14/00567-depth.png 0.437148 0.638843 -0.3464 0.877692 0.476156 0.0510935 0.0179616
/14/00568-depth.png 0.43398 0.637299 -0.345967 0.877359 0.476724 0.0517236 0.0173152
/14/00569-depth.png 0.425854 0.634452 -0.347814 0.877203 0.476722 0.0542357 0.0175777
/14/00570-depth.png 0.439792 0.630142 -0.341388 0.876883 0.478691 0.0428554 0.00973457
/14/00571-depth.png 0.441368 0.624708 -0.337289 0.877593 0.478303 0.0323778 0.00304006
/14/00572-depth.png 0.421988 0.626708 -0.333416 0.878394 0.47655 0.0360012 0.00522779
/14/00573-depth.png 0.412582 0.626517 -0.332648 0.878588 0.476008 0.0384451 0.00472237
/14/00574-depth.png 0.395508 0.620226 -0.339138 0.882203 0.469099 0.040454 0.00528368
/14/00575-depth.png 0.393123 0.618199 -0.338576 0.882199 0.469441 0.0366979 0.0016691
/14/00576-depth.png 0.402021 0.621794 -0.328574 0.876287 0.48118 0.0238347 -0.00427269
/14/00577-depth.png 0.393438 0.623147 -0.330518 0.874928 0.483362 0.0292972 -0.00165732
/14/00578-depth.png 0.393438 0.623147 -0.330518 0.874928 0.483362 0.0292972 -0.00165732
/14/00579-depth.png 0.393438 0.623147 -0.330518 0.874928 0.483362 0.0292972 -0.00165732
/14/00580-depth.png 0.368979 0.625487 -0.341091 0.87729 0.47767 0.0439936 0.0160416
/14/00581-depth.png 0.362218 0.629778 -0.342152 0.877055 0.477818 0.0460934 0.0184251
/14/00582-depth.png 0.357179 0.637025 -0.342658 0.877629 0.476248 0.0496705 0.0220774
/14/00583-depth.png 0.348572 0.644201 -0.344298 0.876307 0.477484 0.0577427 0.027567
/14/00584-depth.png 0.344535 0.647396 -0.34732 0.876138 0.477707 0.0576033 0.0293089
/14/00585-depth.png 0.344535 0.647396 -0.34732 0.876138 0.477707 0.0576033 0.0293089
/14/00586-depth.png 0.349079 0.655225 -0.341815 0.871998 0.485506 0.0559485 0.0278082
/14/00587-depth.png 0.331828 0.652314 -0.350682 0.873871 0.480024 0.0681972 0.0357086
/14/00588-depth.png 0.326335 0.655957 -0.349674 0.87235 0.482132 0.0706353 0.0395616
/14/00589-depth.png 0.316458 0.657112 -0.351468 0.872258 0.481681 0.0723862 0.0436837
/14/00590-depth.png 0.318378 0.658808 -0.350952 0.871747 0.483031 0.0696146 0.0435072
/14/00591-depth.png 0.305453 0.659862 -0.351365 0.870116 0.485068 0.0738779 0.0463668
/14/00592-depth.png 0.320682 0.665879 -0.345298 0.867852 0.490859 0.0646004 0.0414403
/14/00593-depth.png 0.296596 0.659521 -0.353137 0.870036 0.484929 0.0759352 0.0459839
/14/00594-depth.png 0.28797 0.658836 -0.351113 0.869725 0.485824 0.0759544 0.0422487
/14/00595-depth.png 0.287523 0.658614 -0.34846 0.86946 0.48676 0.0734812 0.0412798
/14/00596-depth.png 0.2797 0.656341 -0.349916 0.870204 0.485448 0.0739719 0.0401596
/14/00597-depth.png 0.27513 0.656656 -0.348635 0.869473 0.487186 0.0729922 0.0365938
/14/00598-depth.png 0.264672 0.653032 -0.350819 0.870366 0.485521 0.0747621 0.0338229
/14/00599-depth.png 0.261648 0.652553 -0.348421 0.869681 0.486996 0.073811 0.0322928
/14/00600-depth.png 0.284715 0.661005 -0.344089 0.866975 0.494307 0.0590235 0.0230662
/14/00601-depth.png 0.284715 0.661005 -0.344089 0.866975 0.494307 0.0590235 0.0230662
/14/00602-depth.png 0.284715 0.661005 -0.344089 0.866975 0.494307 0.0590235 0.0230662
/14/00603-depth.png 0.235258 0.645363 -0.347443 0.869122 0.489358 0.0687808 0.0206217
/14/00604-depth.png 0.242073 0.647063 -0.34184 0.868596 0.492379 0.054706 0.0105854
/14/00605-depth.png 0.243887 0.645555 -0.344985 0.870607 0.489517 0.0485216 0.00790976
/14/00606-depth.png 0.205953 0.636818 -0.34068 0.870815 0.487698 0.0605708 0.0127282
/14/00607-depth.png 0.195067 0.633773 -0.336305 0.869869 0.489658 0.058828 0.0100995
/14/00608-depth.png 0.218908 0.640665 -0.340469 0.870799 0.490374 0.0351313 -0.00275181
/14/00609-depth.png 0.206344 0.643948 -0.328495 0.867029 0.496857 0.0373385 3.74711e-005
/14/00610-depth.png 0.169043 0.626747 -0.329934 0.871412 0.488184 0.0479691 0.00394396
/14/00611-depth.png 0.157611 0.627244 -0.330401 0.870901 0.489532 0.0434265 -0.00184666
/14/00612-depth.png 0.154676 0.627507 -0.330767 0.870771 0.489813 0.0428543 -0.00205859
/14/00613-depth.png 0.150693 0.627363 -0.331687 0.870205 0.490777 0.0433361 -0.00182495
/14/00614-depth.png 0.149029 0.628096 -0.332736 0.86994 0.491184 0.0440444 -0.00138735
/14/00615-depth.png 0.161913 0.642113 -0.329881 0.865705 0.499155 0.0369708 -0.00566603
/14/00616-depth.png 0.141086 0.631814 -0.336189 0.868103 0.493927 0.049319 0.000508153
/14/00617-depth.png 0.156227 0.646623 -0.336401 0.864761 0.500493 0.0407648 -0.00581776
/14/00618-depth.png 0.13771 0.634722 -0.341877 0.868156 0.493576 0.0518435 -0.00116245
/14/00619-depth.png 0.150204 0.652615 -0.339838 0.862777 0.503489 0.0454031 -0.00723942
/14/00620-depth.png 0.125054 0.640305 -0.343808 0.865738 0.497153 0.0577468 -0.00117999
/14/00621-depth.png 0.125054 0.640305 -0.343808 0.865738 0.497153 0.0577468 -0.00117999
/14/00622-depth.png 0.119277 0.641365 -0.345544 0.865944 0.496589 0.0594603 -0.00236633
/14/00623-depth.png 0.113612 0.644094 -0.344985 0.864964 0.498144 0.0606573 -0.00317767
/14/00624-depth.png 0.11098 0.64841 -0.34578 0.86535 0.49766 0.0590979 -0.00328748
/14/00625-depth.png 0.0930646 0.653654 -0.346984 0.864937 0.498182 0.0607624 -0.00271764
/14/00626-depth.png 0.0854555 0.655527 -0.34594 0.86398 0.499881 0.060416 -0.00275262
/14/00627-depth.png 0.0787809 0.658635 -0.346454 0.864492 0.499161 0.0590184 -0.00306099
/14/00628-depth.png 0.0709891 0.660515 -0.346162 0.86437 0.49925 0.0599674 -0.00426922
/14/00629-depth.png 0.0628644 0.66438 -0.344318 0.863935 0.499959 0.0603138 -0.00445279
/14/00630-depth.png 0.0605421 0.665598 -0.343751 0.863701 0.500525 0.0589476 -0.00446547
/14/00631-depth.png 0.0577263 0.686825 -0.350606 0.863165 0.502161 0.0521436 -0.00782655
/14/00632-depth.png 0.0545441 0.692428 -0.351655 0.86315 0.502256 0.0514363 -0.00803138
/14/00633-depth.png 0.051412 0.693104 -0.351992 0.863306 0.501906 0.0522949 -0.00759252
/14/00634-depth.png 0.051412 0.693104 -0.351992 0.863306 0.501906 0.0522949 -0.00759252
/14/00635-depth.png 0.044046 0.699003 -0.355703 0.864028 0.500508 0.0540195 -0.00530489
/14/00636-depth.png 0.0357101 0.701644 -0.357251 0.86352 0.501049 0.0572305 -0.002906
/14/00637-depth.png 0.0341415 0.704298 -0.357924 0.862956 0.502031 0.0571619 -0.00199165
/14/00638-depth.png 0.0273479 0.706774 -0.358984 0.862609 0.502476 0.0585064 0.000836179
/14/00639-depth.png 0.0234436 0.711807 -0.361403 0.862609 0.502382 0.0592081 0.00350198
/14/00640-depth.png 0.0200577 0.712355 -0.360658 0.862485 0.502295 0.0614938 0.00616971
/14/00641-depth.png 0.02154 0.716507 -0.360034 0.862307 0.502881 0.0590968 0.00673232
/14/00642-depth.png 0.0137536 0.714603 -0.36139 0.862704 0.501962 0.0606569 0.00986073
/14/00643-depth.png 0.0206933 0.723398 -0.357542 0.859614 0.508101 0.0533663 0.00696114
/14/00644-depth.png 0.0148776 0.724984 -0.361006 0.858743 0.509424 0.0545747 0.00830821
/14/00645-depth.png 0.0106138 0.727042 -0.363667 0.85697 0.512235 0.0561538 0.00798748
/14/00646-depth.png 0.00719428 0.729131 -0.362455 0.8557 0.514257 0.0570685 0.00777166
/14/00647-depth.png -0.0170231 0.720415 -0.373255 0.859696 0.506587 0.0652648 0.00580665
/14/00648-depth.png -0.007911 0.722275 -0.373233 0.857323 0.510891 0.0629293 -0.00526688
/14/00649-depth.png -0.01002 0.725405 -0.368921 0.854443 0.515497 0.0645186 -0.00530866
/14/00650-depth.png -0.0126267 0.723779 -0.369002 0.853677 0.516658 0.0652648 -0.0063701
/14/00651-depth.png -0.0136378 0.715662 -0.374369 0.856119 0.513165 0.0600976 -0.0105131
/14/00652-depth.png -0.0303649 0.706777 -0.374398 0.85752 0.510662 0.0618318 -0.0077817
/14/00653-depth.png -0.0225234 0.703885 -0.371164 0.858148 0.510316 0.0548317 -0.0123918
/14/00654-depth.png -0.0225234 0.703885 -0.371164 0.858148 0.510316 0.0548317 -0.0123918
/14/00655-depth.png -0.0280201 0.690496 -0.365522 0.863861 0.501427 0.0460236 -0.0140041
/14/00656-depth.png -0.030542 0.688576 -0.359333 0.865745 0.49857 0.0425115 -0.0102769
/14/00657-depth.png -0.0408491 0.686222 -0.35914 0.866707 0.496705 0.0453916 -0.0065065
/14/00658-depth.png -0.0400431 0.682819 -0.35789 0.866766 0.496603 0.0451839 -0.0077483
/14/00659-depth.png -0.0404904 0.679815 -0.358015 0.867034 0.496101 0.0455632 -0.00769321
/14/00660-depth.png -0.0312748 0.68078 -0.350555 0.865308 0.499593 0.0393423 -0.0100152
/14/00661-depth.png -0.0418368 0.669534 -0.357864 0.869099 0.492699 0.0433606 -0.00579109
/14/00662-depth.png -0.0407396 0.665475 -0.354877 0.868268 0.49402 0.0448751 -0.00647666
/14/00663-depth.png -0.0460174 0.660719 -0.354338 0.868921 0.492789 0.0458627 -0.00571563
/14/00664-depth.png -0.0364671 0.664344 -0.348054 0.865647 0.498979 0.0385376 -0.0137942
/14/00665-depth.png -0.0380128 0.66155 -0.350482 0.865395 0.499342 0.0390096 -0.0150852
/14/00666-depth.png -0.0400206 0.655558 -0.355075 0.866401 0.497427 0.0399159 -0.0179872
/14/00667-depth.png -0.0653297 0.640675 -0.37201 0.865309 0.499282 0.0408408 -0.0170269
/14/00668-depth.png -0.0686792 0.644581 -0.366301 0.862996 0.503473 0.0390679 -0.0150769
/14/00669-depth.png -0.0730307 0.63958 -0.370047 0.866552 0.497579 0.03505 -0.0165871
/14/00670-depth.png -0.0730307 0.63958 -0.370047 0.866552 0.497579 0.03505 -0.0165871
/14/00671-depth.png -0.0848489 0.647458 -0.367056 0.865965 0.498089 0.0414653 -0.0171201
/14/00672-depth.png -0.0848489 0.647458 -0.367056 0.865965 0.498089 0.0414653 -0.0171201
/14/00673-depth.png -0.0848489 0.647458 -0.367056 0.865965 0.498089 0.0414653 -0.0171201
/14/00674-depth.png -0.0954305 0.661673 -0.367488 0.865563 0.498328 0.0492711 -0.00654195
/14/00675-depth.png -0.0991901 0.664129 -0.367616 0.866168 0.497102 0.0511892 -0.0046246
/14/00676-depth.png -0.104099 0.667476 -0.360132 0.864908 0.498926 0.0547364 -0.00328327
/14/00677-depth.png -0.109878 0.671578 -0.360947 0.864915 0.498491 0.0585451 -0.00133507
/14/00678-depth.png -0.109455 0.67487 -0.358571 0.864658 0.499387 0.0545333 -0.00241643
/14/00679-depth.png -0.109455 0.67487 -0.358571 0.864658 0.499387 0.0545333 -0.00241643
/14/00680-depth.png -0.147575 0.675067 -0.371464 0.865505 0.49698 0.0625412 -0.000693054
/14/00681-depth.png -0.155939 0.674748 -0.374466 0.864628 0.49867 0.0611198 -0.00335304
/14/00682-depth.png -0.160922 0.675819 -0.373508 0.863713 0.500318 0.0606489 -0.00188743
/14/00683-depth.png -0.173126 0.682382 -0.366803 0.861317 0.504386 0.0609709 0.00309012
/14/00684-depth.png -0.177668 0.684637 -0.36561 0.86066 0.50564 0.0595851 0.00650726
/14/00685-depth.png -0.177668 0.684637 -0.36561 0.86066 0.50564 0.0595851 0.00650726
/14/00686-depth.png -0.199126 0.689735 -0.354518 0.857714 0.511321 0.0512379 0.0158615
/14/00687-depth.png -0.197808 0.684565 -0.361694 0.861839 0.505336 0.0404927 0.0151326
/14/00688-depth.png -0.200564 0.676786 -0.370137 0.865747 0.499088 0.0351784 0.0125109
/14/00689-depth.png -0.201686 0.676816 -0.369943 0.865861 0.499064 0.0325019 0.0127885
/14/00690-depth.png -0.205995 0.675849 -0.369402 0.86595 0.498934 0.0318535 0.0134796
/14/00691-depth.png -0.210453 0.676795 -0.367357 0.865541 0.499721 0.0301222 0.0144776
/14/00692-depth.png -0.210453 0.676795 -0.367357 0.865541 0.499721 0.0301222 0.0144776
/14/00693-depth.png -0.219903 0.673239 -0.365833 0.866916 0.497555 0.0272955 0.0123049
/14/00694-depth.png -0.225339 0.672992 -0.364117 0.866293 0.498613 0.0281536 0.0113458
/14/00695-depth.png -0.230906 0.672447 -0.364089 0.866794 0.497637 0.0297197 0.0119733
/14/00696-depth.png -0.236541 0.671182 -0.361907 0.867144 0.497197 0.0273921 0.0103361
/14/00697-depth.png -0.245732 0.670563 -0.362078 0.867274 0.496645 0.032683 0.0105071
/14/00698-depth.png -0.263557 0.677266 -0.347104 0.862292 0.505028 0.0357868 0.0108951
/14/00699-depth.png -0.260334 0.674415 -0.350546 0.86376 0.502869 0.0315801 0.00669679
/14/00700-depth.png -0.261652 0.667543 -0.360301 0.867184 0.496855 0.0335568 0.000114166
/14/00701-depth.png -0.270131 0.668705 -0.351877 0.867037 0.496781 0.0381428 0.000214323
/14/00702-depth.png -0.276222 0.671256 -0.338072 0.868056 0.495312 0.032847 0.00806382
/14/00703-depth.png -0.27257 0.664077 -0.345734 0.87355 0.485772 0.0297708 0.00706796
/14/00704-depth.png -0.282709 0.665627 -0.334424 0.872068 0.488248 0.0310619 0.0121363
/14/00705-depth.png -0.285454 0.665997 -0.331172 0.872221 0.488048 0.0294423 0.013181
/14/00706-depth.png -0.286264 0.659056 -0.337536 0.876505 0.480536 0.0262189 0.0116954
/14/00707-depth.png -0.291769 0.662745 -0.328555 0.873529 0.485841 0.0269619 0.0133648
/14/00708-depth.png -0.294698 0.662119 -0.325254 0.87367 0.485732 0.0231654 0.0151379
/14/00709-depth.png -0.298091 0.663046 -0.321684 0.873208 0.486479 0.0218094 0.0192475
/14/00710-depth.png -0.299016 0.662189 -0.32266 0.873509 0.485996 0.0205124 0.0192127
/14/00711-depth.png -0.301416 0.662869 -0.320604 0.870462 0.491813 0.0162257 0.0123844
/14/00712-depth.png -0.309294 0.66104 -0.321647 0.869491 0.493542 0.0180723 0.00864614
/14/00713-depth.png -0.313371 0.66047 -0.3235 0.868577 0.495142 0.0194195 0.00558191
/14/00714-depth.png -0.319018 0.662315 -0.322818 0.866823 0.498067 0.0222214 0.00735222
/14/00715-depth.png -0.320952 0.663397 -0.322281 0.865989 0.499513 0.0220372 0.00795925
/14/00716-depth.png -0.320952 0.663397 -0.322281 0.865989 0.499513 0.0220372 0.00795925
/14/00717-depth.png -0.320952 0.663397 -0.322281 0.865989 0.499513 0.0220372 0.00795925
/14/00718-depth.png -0.31887 0.665963 -0.323032 0.868606 0.49446 0.0226274 0.0228327
/14/00719-depth.png -0.317708 0.668006 -0.320205 0.868163 0.494734 0.0235426 0.0312549
/14/00720-depth.png -0.316689 0.663043 -0.328356 0.87193 0.487689 0.0241151 0.0362804
/14/00721-depth.png -0.319526 0.666734 -0.321514 0.871861 0.486707 0.024338 0.0488165
/14/00722-depth.png -0.320613 0.666718 -0.319004 0.87263 0.484934 0.0241989 0.0526353
/14/00723-depth.png -0.324544 0.67274 -0.307092 0.869674 0.489819 0.0256387 0.0555642
/14/00724-depth.png -0.331061 0.671803 -0.302573 0.871866 0.485406 0.0299864 0.0577298
/14/00725-depth.png -0.335404 0.672794 -0.300072 0.871831 0.485496 0.0312965 0.0567853
/14/00726-depth.png -0.336241 0.673131 -0.300941 0.871369 0.486415 0.0322213 0.0554918
/14/00727-depth.png -0.339976 0.675235 -0.301232 0.869905 0.489399 0.0345167 0.0506144
/14/00728-depth.png -0.345578 0.676254 -0.303897 0.868285 0.492399 0.0376816 0.0469456
/14/00729-depth.png -0.348629 0.679035 -0.304054 0.866051 0.496531 0.0393333 0.0431929
/14/00730-depth.png -0.350888 0.678801 -0.30711 0.866116 0.496449 0.0402203 0.0419932
/14/00731-depth.png -0.358878 0.681615 -0.311484 0.86075 0.505208 0.0512246 0.0353733
/14/00732-depth.png -0.359427 0.684521 -0.310281 0.858463 0.508888 0.0520726 0.0369223
/14/00733-depth.png -0.358097 0.685437 -0.31589 0.857219 0.511109 0.0532645 0.0332637
/14/00734-depth.png -0.358792 0.688569 -0.315705 0.853299 0.517575 0.0542911 0.0323809
/14/00735-depth.png -0.359028 0.685527 -0.322323 0.85491 0.514915 0.0541845 0.0324967
/14/00736-depth.png -0.358928 0.688388 -0.319253 0.852757 0.518504 0.0538936 0.0324701
/14/00737-depth.png -0.356336 0.690541 -0.320337 0.851171 0.521553 0.0519666 0.0281164
/14/00738-depth.png -0.362762 0.688288 -0.320904 0.85162 0.520777 0.0534335 0.0260463
/14/00739-depth.png -0.361506 0.687998 -0.321518 0.851882 0.520432 0.0529642 0.0253253
/14/00740-depth.png -0.364318 0.687373 -0.322506 0.852634 0.519184 0.053684 0.0241255
/14/00741-depth.png -0.362202 0.686301 -0.324696 0.853243 0.518395 0.052759 0.021439
/14/00742-depth.png -0.367703 0.688042 -0.321024 0.851954 0.520352 0.0550091 0.0195412
/14/00743-depth.png -0.370995 0.689667 -0.32108 0.848937 0.52516 0.0576051 0.0139363
/14/00744-depth.png -0.370995 0.689667 -0.32108 0.848937 0.52516 0.0576051 0.0139363
/14/00745-depth.png -0.370995 0.689667 -0.32108 0.848937 0.52516 0.0576051 0.0139363
/14/00746-depth.png -0.370995 0.689667 -0.32108 0.848937 0.52516 0.0576051 0.0139363
/14/00747-depth.png -0.371772 0.689206 -0.320658 0.850657 0.52257 0.0557042 0.0141796
/14/00748-depth.png -0.372912 0.689096 -0.320477 0.851533 0.521182 0.0556432 0.0128508
/14/00749-depth.png -0.373339 0.689019 -0.319705 0.85209 0.520205 0.0569241 0.00941277
/14/00750-depth.png -0.374417 0.688538 -0.318804 0.852723 0.519129 0.0576212 0.00693378
/14/00751-depth.png -0.374227 0.69016 -0.317181 0.85237 0.519594 0.0588117 0.00537097
/14/00752-depth.png -0.374844 0.689534 -0.318133 0.852843 0.518652 0.0603725 0.00386735
/14/00753-depth.png -0.375973 0.690284 -0.317204 0.852187 0.519505 0.0622906 0.00355788
